Avg. Fitness,Strategy DNA,Evaluation Num,Evaluations
-1000.0,"[TCP:options-sackok:]-tamper{TCP:seq:replace:609728853}(drop,)-|",1,[-1000]
-1000.0,"[TCP:options-nop::0]-tamper{TCP:ack:replace:1117162049}(tamper{TCP:urgptr:replace:4811}(drop,),)-|",1,[-1000]
-1000.0,"[TCP:options-sackok::2]-tamper{TCP:options-timestamp:corrupt}(drop,)-|",1,[-1000]
-1000.0,"[TCP:options-eol:]-tamper{TCP:seq:corrupt}(drop,)-|",1,[-1000]
-1000.0,[TCP:options-altchksumopt::3]-drop-|[TCP:options-timestamp:1881505494]-tamper{TCP:options-wscale:replace:253}-|,1,[-1000]
-1000.0,"[TCP:options-altchksumopt:]-tamper{TCP:options-altchksum:corrupt}(tamper{TCP:ack:replace:507993936}(drop,),)-|",1,[-1000]
-1000.0,[TCP:options-sack::1]-|,1,[-1000]
-1000.0,"[TCP:options-eol:]-|[TCP:options-sackok::0]-tamper{TCP:options-eol:replace:}(duplicate,)-|",1,[-1000]
-1000.0,"[TCP:options-altchksumopt:]-tamper{TCP:seq:replace:2055476593}(tamper{TCP:flags:corrupt}(tamper{TCP:options-md5header:replace:8bb7d8c04b7415279292e4870feef5ee}(drop,),),)-|",1,[-1000]
-1000.0,"[TCP:options-altchksumopt::1]-tamper{TCP:seq:corrupt}(drop,)-|",1,[-1000]
-1000.0,"[TCP:reserved:0]-tamper{TCP:window:replace:120}(drop,)-|",1,[-1000]
-1000.0,"[TCP:options-sackok::0]-tamper{TCP:seq:corrupt}(tamper{TCP:options-uto:replace:43}(drop,),)-|",1,[-1000]
-1000.0,"[TCP:options-sackok:]-|[TCP:options-eol::0]-duplicate(tamper{TCP:options-sackok:corrupt},)-|",1,[-1000]
-1000.0,"[TCP:options-sack::0]-fragment{ip:45:False}(fragment{tcp:-1:True},)-|[TCP:options-altchksumopt:]-drop-|",1,[-1000]
-1000.0,"[TCP:options-altchksumopt:]-tamper{TCP:options-timestamp:corrupt}(tamper{TCP:window:replace:120}(drop,),)-|",1,[-1000]
-1000.0,"[TCP:options-nop:]-tamper{TCP:chksum:corrupt}(tamper{TCP:dataofs:replace:8}(drop,),)-|",1,[-1000]
-1000.0,[TCP:options-sack::0]-fragment{tcp:24:False:14}-|[TCP:options-nop:]-|,1,[-1000]
-1000.0,"[TCP:options-eol:]-tamper{TCP:load:replace:dosbe06i2o}(tamper{TCP:options-mss:replace:9954}(tamper{TCP:seq:replace:1185681949}(drop,),),)-|[TCP:options-sackok::0]-|",1,[-1000]
-1000.0,[TCP:options-eol:]-|[TCP:options-sackok::0]-|,1,[-1000]
-1000.0,[TCP:options-sack::0]-fragment{tcp:-1:False:40}-|[TCP:options-nop:]-|,1,[-1000]
-1000.0,[TCP:options-eol::0]-duplicate-|[TCP:options-eol:]-|,1,[-1000]
-1000.0,"[TCP:options-altchksumopt:]-tamper{TCP:reserved:replace:1}(tamper{TCP:options-uto:replace:7}(drop,),)-|",1,[-1000]
-1000.0,[TCP:options-nop:]-|[TCP:dataofs:11]-tamper{TCP:ack:replace:424409315}-|,1,[-1000]
-1000.0,[TCP:options-sackok:]-|[TCP:options-eol::0]-duplicate-|,1,[-1000]
-1000.0,"[TCP:options-eol::0]-tamper{TCP:options-sack:corrupt}(duplicate,)-|[TCP:options-sack::1]-|",1,[-1000]
-1000.0,[TCP:options-nop:]-|[TCP:options-sack:]-|,1,[-1000]
-1000.0,"[TCP:options-altchksumopt:]-tamper{TCP:ack:replace:551968607}(drop,)-|",1,[-1000]
-1000.0,[TCP:options-altchksumopt:]-|[TCP:options-mss:3322]-fragment{tcp:-1:True}-|,1,[-1000]
-1000.0,[TCP:options-nop:]-|[TCP:window:50]-tamper{TCP:options-nop:replace:}-|,1,[-1000]
-1000.0,[TCP:options-nop:]-|[TCP:window:50]-tamper{TCP:ack:corrupt}-|,1,[-1000]
-1000.0,"[TCP:options-altchksumopt:]-tamper{TCP:options-timestamp:corrupt}(drop,)-|",1,[-1000]
-1000.0,[TCP:options-eol:]-drop-|,1,[-1000]
-1000.0,"[TCP:options-altchksumopt:]-tamper{TCP:options-eol:replace:}(drop,)-|",1,[-1000]
-1000.0,"[TCP:options-altchksumopt:]-|[TCP:sport:56193]-duplicate(drop,)-|",1,[-1000]
-1000.0,[TCP:options-altchksumopt:]-|[TCP:flags:S]-duplicate-|,1,[-1000]
-1000.0,"[TCP:options-altchksumopt:]-tamper{TCP:options-nop:replace:}(drop,)-|",1,[-1000]
-1000.0,"[TCP:options-altchksumopt:]-tamper{TCP:dport:corrupt}(drop,)-|",1,[-1000]
-1000.0,"[TCP:options-nop:]-tamper{TCP:dataofs:replace:8}(tamper{TCP:options-eol:replace:}(tamper{TCP:window:corrupt}(tamper{TCP:options-sackok:corrupt}(tamper{TCP:options-altchksum:replace:241}(drop,),),),),)-|",1,[-1000]
-20.0,[TCP:load:__DNS_REQUEST__]-drop-|[TCP:urgptr:4239]-fragment{tcp:-1:True}-|,1,[-20]
-20.0,"[TCP:options-altchksum:19]-tamper{TCP:reserved:replace:3}(tamper{TCP:load:corrupt},)-|[TCP:chksum:51283]-tamper{TCP:flags:corrupt}-|",1,[-20]
-20.0,"[TCP:options-wscale:141]-duplicate(,duplicate)-|[TCP:chksum:40423:0]-fragment{tcp:-1:False}-|",1,[-20]
-20.0,[TCP:load:]-drop-|[TCP:dport:57192]-drop-|,1,[-20]
-20.0,"[TCP:options-md5header:df847110cfafcedab51bff46aebb0f40]-tamper{TCP:window:corrupt}(tamper{TCP:reserved:corrupt}(tamper{TCP:flags:replace:SPACN},),)-|[TCP:ack:2705442189]-tamper{TCP:options-mss:corrupt}-|",1,[-20]
-20.0,"[TCP:reserved:5]-tamper{TCP:options-md5header:replace:8df7f3fbd0e22a45f3ab60b9d54d532f}(drop,)-|[TCP:options-altchksum:125]-duplicate-|",1,[-20]
-20.0,"[TCP:ack:115841190]-fragment{tcp:-1:True}(tamper{TCP:options-uto:corrupt},)-|[TCP:options-uto:60]-tamper{TCP:options-timestamp:replace:452630030}-|",1,[-20]
-20.0,"[TCP:reserved:7]-fragment{tcp:-1:True}(drop,)-|[TCP:sport:25351:2]-drop-|",1,[-20]
-20.0,[TCP:options-altchksum:144]-drop-|[TCP:ack:3234773693:3]-duplicate-|,1,[-20]
-20.0,"[TCP:sport:55560]-duplicate(,duplicate)-|[TCP:options-md5header:5707bdc9434e1dfb425d720273263174]-fragment{tcp:-1:False}-|",1,[-20]
-20.0,"[TCP:options-md5header:a4aa368e731f1d77a56c052802a0bd30]-tamper{TCP:options-md5header:replace:4e34df03f016ebc2832fc94c7e3b9151}(duplicate,)-|[TCP:dataofs:11:4]-drop-|",1,[-20]
-20.0,"[TCP:dport:10404:2]-fragment{tcp:-1:True}(tamper{TCP:urgptr:replace:57031}(drop,),)-|[TCP:dataofs:7]-duplicate-|",1,[-20]
-20.0,"[TCP:reserved:7]-duplicate(fragment{tcp:-1:True},)-|[TCP:seq:1798529668:3]-duplicate-|",1,[-20]
-20.0,"[TCP:options-sack::0]-tamper{TCP:ack:corrupt}(tamper{TCP:options-sack:replace:},)-|[TCP:flags:FA]-tamper{TCP:options-md5header:corrupt}-|",1,[-20]
-20.0,"[TCP:seq:4235715533:4]-duplicate(tamper{TCP:options-eol:replace:}(duplicate,),)-|[TCP:options-uto:123]-fragment{tcp:-1:False}-|",1,[-20]
-20.0,"[TCP:options-uto:129]-duplicate(,tamper{TCP:options-altchksumopt:corrupt})-|[TCP:dataofs:11]-duplicate-|",1,[-20]
-20.0,"[TCP:chksum:65341]-fragment{tcp:-1:True}(,tamper{TCP:options-wscale:corrupt})-|[TCP:options-uto:244]-duplicate-|",1,[-20]
-20.0,"[TCP:options-mss:43035]-fragment{tcp:-1:True}(,duplicate)-|[TCP:options-mss:50831]-duplicate-|",1,[-20]
-20.0,[TCP:load:75eevtfqr5]-|[TCP:reserved:6]-tamper{TCP:options-wscale:corrupt}-|,1,[-20]
-20.0,[TCP:sport:1889]-|[TCP:sport:30445:1]-tamper{TCP:window:corrupt}-|,1,[-20]
-20.0,[TCP:chksum:1147]-|[TCP:ack:3461198216]-fragment{tcp:-1:False}-|,1,[-20]
-20.0,[TCP:options-wscale:131]-tamper{TCP:ack:replace:1260755887}-|[TCP:load:]-fragment{tcp:-1:True}-|,1,[-20]
-20.0,"[TCP:sport:1889]-duplicate(tamper{TCP:options-wscale:replace:131}(fragment{tcp:25:True},),)-|[TCP:reserved:5]-duplicate-|",1,[-20]
-10.0,"[TCP:options-altchksum:70]-duplicate(,fragment{tcp:-1:False})-|",1,[-10]
-10.0,"[TCP:options-uto:129]-duplicate(,fragment{tcp:-1:True})-|",1,[-10]
-10.0,"[TCP:flags:FRA]-tamper{TCP:flags:replace:FA}(tamper{TCP:seq:replace:1872238646},)-|",1,[-10]
-10.0,[TCP:options-timestamp:2131717894]-drop-|,1,[-10]
-10.0,[TCP:load:khcew5uilo:4]-tamper{TCP:urgptr:corrupt}-|,1,[-10]
-10.0,"[TCP:window:140:0]-tamper{TCP:options-sack:corrupt}(duplicate,)-|",1,[-10]
-10.0,"[TCP:flags:S]-duplicate(tamper{TCP:urgptr:replace:45453},)-|",1,[-10]
-10.0,"[TCP:options-mss:54570:0]-duplicate(tamper{TCP:window:replace:90},)-|[TCP:options-altchksumopt::3]-duplicate-|",1,[-10]
-10.0,"[TCP:sport:45705]-tamper{TCP:reserved:corrupt}(tamper{TCP:options-uto:corrupt},)-|",1,[-10]
-10.0,[TCP:urgptr:35639]-tamper{TCP:seq:replace:3469844312}-|,1,[-10]
-10.0,"[TCP:options-altchksum:165:2]-fragment{ip:-1:True}(duplicate,)-|",1,[-10]
-10.0,"[TCP:seq:3657344045]-duplicate(,tamper{TCP:reserved:corrupt})-|",1,[-10]
-10.0,[TCP:flags:P]-duplicate-|,1,[-10]
-10.0,"[TCP:dport:34086]-tamper{TCP:options-uto:corrupt}(duplicate,)-|",1,[-10]
-10.0,[TCP:window:170]-tamper{TCP:options-wscale:corrupt}-|,1,[-10]
-10.0,"[TCP:options-mss:39866]-duplicate(fragment{tcp:9:False:4},)-|",1,[-10]
-10.0,[TCP:chksum:36342]-duplicate-|,1,[-10]
-10.0,[TCP:flags:RA]-tamper{TCP:options-eol:corrupt}-|,1,[-10]
-10.0,[TCP:window:70]-tamper{TCP:chksum:corrupt}-|,1,[-10]
-10.0,"[TCP:options-altchksum:89]-tamper{TCP:reserved:corrupt}(tamper{TCP:options-timestamp:corrupt},)-|",1,[-10]
-10.0,"[TCP:options-altchksumopt:]-fragment{tcp:-1:True}(tamper{TCP:ack:corrupt},)-|[TCP:options-wscale:4]-fragment{tcp:-1:True}-|",1,[-10]
-10.0,[TCP:load:0jrrwoenij]-drop-|,1,[-10]
-10.0,[TCP:options-uto:22]-duplicate-|,1,[-10]
-10.0,[TCP:options-wscale:131]-tamper{TCP:ack:replace:1260755887}-|,1,[-10]
-10.0,[TCP:ack:2976011320:3]-tamper{TCP:options-nop:replace:}-|,1,[-10]
-10.0,[TCP:options-uto:23]-tamper{TCP:window:corrupt}-|,1,[-10]
-10.0,"[TCP:options-uto:56]-fragment{tcp:-1:True}(,duplicate)-|",1,[-10]
-10.0,"[TCP:reserved:4]-fragment{tcp:-1:True}(tamper{TCP:urgptr:corrupt},duplicate)-|",1,[-10]
-10.0,"[TCP:urgptr:52330:1]-tamper{TCP:sport:corrupt}(drop,)-|",1,[-10]
-10.0,"[TCP:options-altchksum:139]-fragment{tcp:-1:True}(duplicate(,duplicate),)-|",1,[-10]
-10.0,[TCP:window:160]-drop-|,1,[-10]
-10.0,"[TCP:options-mss:17525]-fragment{tcp:-1:True}(fragment{tcp:-1:False}(,fragment{tcp:-1:False}),)-|",1,[-10]
-10.0,"[TCP:seq:1412928122]-tamper{TCP:options-wscale:replace:139}(duplicate,)-|",1,[-10]
-10.0,[TCP:options-uto:147]-fragment{tcp:-1:False}-|,1,[-10]
-10.0,"[TCP:options-altchksum:8:0]-fragment{tcp:-1:True}(,fragment{tcp:-1:True}(fragment{tcp:-1:False},tamper{TCP:reserved:corrupt}))-|",1,[-10]
-10.0,"[TCP:options-altchksum:227]-tamper{TCP:seq:corrupt}(duplicate,)-|",1,[-10]
-10.0,[TCP:window:40]-tamper{TCP:window:corrupt}-|,1,[-10]
-10.0,[TCP:options-uto:230]-drop-|,1,[-10]
-10.0,"[TCP:dataofs:11:4]-fragment{tcp:-1:False}(,duplicate)-|",1,[-10]
-10.0,"[TCP:options-md5header:6ddb8a217a0432b2577c18dce3bd453c]-fragment{tcp:-1:True}(tamper{TCP:options-altchksumopt:replace:},)-|",1,[-10]
-10.0,"[TCP:dataofs:15]-duplicate(tamper{TCP:chksum:corrupt},tamper{TCP:options-md5header:replace:6695fadb5e2fff5547477ebe04e0195c})-|",1,[-10]
-10.0,"[TCP:dport:5676]-tamper{TCP:load:corrupt}(tamper{TCP:ack:replace:4232309504},)-|",1,[-10]
-10.0,"[TCP:dataofs:10]-duplicate(tamper{TCP:dataofs:replace:15}(tamper{TCP:window:corrupt},),)-|",1,[-10]
-10.0,"[TCP:sport:5032]-tamper{TCP:dport:replace:2776}(duplicate,)-|",1,[-10]
-10.0,"[TCP:options-wscale:146]-tamper{TCP:options-altchksum:corrupt}(tamper{TCP:sport:corrupt}(tamper{TCP:chksum:replace:32463},),)-|",1,[-10]
-10.0,"[TCP:seq:1820830597:0]-tamper{TCP:ack:corrupt}(duplicate(,tamper{TCP:urgptr:replace:60770}),)-|",1,[-10]
-10.0,[TCP:reserved:6:0]-tamper{TCP:load:replace:u5w6dpihvy}-|,1,[-10]
-10.0,"[TCP:seq:3347294203:0]-fragment{tcp:-1:False}(drop,tamper{TCP:sport:corrupt})-|",1,[-10]
-10.0,"[TCP:ack:1030879866]-duplicate(drop,duplicate)-|",1,[-10]
-10.0,"[TCP:window:60]-duplicate(duplicate(duplicate,),)-|",1,[-10]
-10.0,"[TCP:options-md5header:d7c51f20941303aacb5a908a327188e7:0]-tamper{TCP:options-nop:replace:}(tamper{TCP:options-uto:corrupt},)-|",1,[-10]
-10.0,"[TCP:options-sackok::0]-fragment{tcp:-1:True}(,duplicate)-|",1,[-10]
-10.0,"[TCP:options-uto:218]-tamper{TCP:urgptr:replace:4212}(tamper{TCP:chksum:replace:33754}(tamper{TCP:options-mss:corrupt},),)-|",1,[-10]
-10.0,"[TCP:options-timestamp:2801464986]-duplicate(duplicate,)-|",1,[-10]
-10.0,"[TCP:seq:1498675996]-duplicate(,duplicate)-|",1,[-10]
-10.0,"[TCP:options-timestamp:3341827405]-tamper{TCP:seq:replace:3988094068}(duplicate(,tamper{TCP:seq:replace:412524019}),)-|",1,[-10]
-10.0,"[TCP:dport:29599]-tamper{TCP:options-eol:replace:}(drop,)-|",1,[-10]
-10.0,"[TCP:options-timestamp:744577907:2]-tamper{TCP:dport:replace:11300}(drop,)-|",1,[-10]
-10.0,"[TCP:options-wscale:210]-tamper{TCP:chksum:replace:43899}(fragment{tcp:-1:False},)-|",1,[-10]
-10.0,[TCP:options-altchksum:247]-tamper{TCP:seq:replace:1175034193}-|,1,[-10]
-10.0,"[TCP:options-wscale:226]-tamper{TCP:options-nop:corrupt}(fragment{tcp:-1:False},)-|",1,[-10]
-10.0,"[TCP:window:90]-tamper{TCP:dport:corrupt}(duplicate(,drop),)-|",1,[-10]
-10.0,"[TCP:flags:PN:3]-tamper{TCP:options-wscale:replace:52}(drop,)-|",1,[-10]
-10.0,"[TCP:options-md5header:c4bedc646aa7549997e03ba80d76be77]-tamper{TCP:ack:replace:3559379265}(fragment{tcp:-1:False},)-|",1,[-10]
-10.0,"[TCP:options-sack:]-duplicate(tamper{TCP:options-wscale:corrupt},)-|[TCP:reserved:2]-tamper{TCP:options-altchksum:corrupt}-|",1,[-10]
-10.0,[TCP:seq:2711624041]-tamper{TCP:urgptr:replace:32771}-|,1,[-10]
-10.0,"[TCP:flags:F]-fragment{tcp:-1:True}(drop,fragment{tcp:-1:False})-|",1,[-10]
-10.0,[TCP:options-altchksum:129]-duplicate-|,1,[-10]
-10.0,"[TCP:chksum:44607]-fragment{tcp:-1:True}(fragment{tcp:27:True:13},)-|",1,[-10]
-10.0,"[TCP:sport:29983]-fragment{tcp:53:True:26}(,drop)-|",1,[-10]
-10.0,"[TCP:options-mss:45469]-tamper{TCP:options-sack:corrupt}(fragment{tcp:-1:True},)-|",1,[-10]
-10.0,[TCP:options-uto:242:0]-tamper{TCP:dport:corrupt}-|,1,[-10]
-10.0,"[TCP:options-mss:12369]-tamper{TCP:reserved:replace:2}(drop,)-|",1,[-10]
-10.0,[TCP:seq:3860641409:3]-tamper{TCP:dataofs:corrupt}-|,1,[-10]
-10.0,[TCP:window:120:2]-tamper{TCP:sport:corrupt}-|,1,[-10]
-10.0,"[TCP:ack:3010429628:4]-tamper{TCP:load:replace:m2oawne6n2}(tamper{TCP:sport:corrupt}(fragment{tcp:-1:False},),)-|",1,[-10]
-10.0,"[TCP:load:ui6sesj9zc]-tamper{TCP:options-nop:replace:}(fragment{tcp:-1:True}(,tamper{TCP:options-timestamp:replace:1074305248}),)-|",1,[-10]
-10.0,"[TCP:options-altchksum:152:3]-tamper{TCP:dport:corrupt}(tamper{TCP:dport:replace:45768}(duplicate,),)-|",1,[-10]
-10.0,"[TCP:flags:AEC]-fragment{tcp:-1:True}(duplicate,)-|",1,[-10]
-10.0,"[TCP:options-md5header:ec7bc03fecdde4107aa59871be3276d0]-tamper{TCP:options-timestamp:replace:963216716}(duplicate(tamper{TCP:chksum:corrupt},),)-|[TCP:options-sackok::0]-duplicate-|",1,[-10]
-10.0,[TCP:seq:3714797343]-drop-|,1,[-10]
-10.0,"[TCP:sport:53670]-tamper{TCP:options-sackok:replace:}(duplicate(duplicate,),)-|",1,[-10]
-10.0,"[TCP:load:]-tamper{TCP:options-altchksum:corrupt}(fragment{tcp:-1:True},)-|",1,[-10]
-10.0,"[TCP:dataofs:3]-duplicate(,fragment{tcp:-1:False})-|",1,[-10]
-10.0,[TCP:seq:4259681285]-fragment{tcp:-1:True}-|,1,[-10]
-10.0,"[TCP:options-md5header:754912c36c14cfcd4fd09720f4de1684]-duplicate(duplicate,)-|",1,[-10]
-10.0,"[TCP:seq:2683114468]-tamper{TCP:ack:replace:1305432543}(tamper{TCP:options-sackok:corrupt}(duplicate,),)-|",1,[-10]
-10.0,"[TCP:dport:46132]-tamper{TCP:dport:corrupt}(tamper{TCP:ack:corrupt},)-|",1,[-10]
-10.0,[TCP:flags:FAUEN]-tamper{TCP:sport:corrupt}-|,1,[-10]
-10.0,"[TCP:window:20]-duplicate(tamper{TCP:flags:replace:P},)-|",1,[-10]
-10.0,[TCP:options-timestamp:57431987]-tamper{TCP:options-md5header:replace:84243b15c46b0815118847d63f27cc4c}-|,1,[-10]
-10.0,"[TCP:sport:29419:1]-tamper{TCP:sport:corrupt}(tamper{TCP:options-altchksumopt:corrupt},)-|",1,[-10]
-10.0,"[TCP:options-sackok:]-tamper{TCP:ack:replace:1745741758}(duplicate,)-|[TCP:load:__HTTP_REQUEST__]-duplicate-|",1,[-10]
-10.0,"[TCP:options-sackok::3]-tamper{TCP:window:replace:160}(duplicate,)-|[TCP:sport:65084]-drop-|",1,[-10]
-10.0,[TCP:urgptr:17557]-tamper{TCP:dataofs:replace:11}-|,1,[-10]
-10.0,"[TCP:urgptr:21133:0]-duplicate(tamper{TCP:options-altchksumopt:replace:},)-|",1,[-10]
-10.0,"[TCP:options-uto:219]-fragment{tcp:-1:True}(duplicate,tamper{TCP:chksum:replace:11585})-|",1,[-10]
-10.0,"[TCP:options-wscale:34:3]-tamper{TCP:sport:replace:40256}(tamper{TCP:chksum:corrupt},)-|",1,[-10]
-10.0,[TCP:options-timestamp:357079616]-fragment{tcp:-1:True}-|,1,[-10]
-10.0,[TCP:options-wscale:255]-fragment{tcp:27:True:45}-|,1,[-10]
-10.0,"[TCP:ack:2735263595:4]-tamper{TCP:urgptr:replace:61131}(tamper{TCP:options-mss:replace:61313}(fragment{tcp:-1:True}(tamper{TCP:options-uto:corrupt},),),)-|",1,[-10]
-10.0,[TCP:flags:FRAUC]-tamper{TCP:options-md5header:replace:71337ddcfd386122879bf09e84a8eb7c}-|,1,[-10]
-10.0,"[TCP:load:__DNS_REQUEST__:4]-duplicate(,tamper{TCP:options-altchksumopt:replace:})-|",1,[-10]
-10.0,"[TCP:sport:26192:1]-fragment{tcp:57:True}(tamper{TCP:options-mss:corrupt},)-|",1,[-10]
-10.0,"[TCP:dport:23012]-tamper{TCP:chksum:corrupt}(tamper{TCP:ack:replace:3002769929}(drop,),)-|",1,[-10]
-10.0,"[TCP:options-altchksum:6]-duplicate(duplicate,tamper{TCP:dataofs:corrupt})-|",1,[-10]
-10.0,"[TCP:options-wscale:158:2]-tamper{TCP:window:replace:50}(fragment{tcp:-1:False}(tamper{TCP:options-nop:corrupt},),)-|",1,[-10]
-10.0,[TCP:options-md5header:39df5acb895e66b1b8bac1368ceace00:0]-drop-|,1,[-10]
-10.0,[TCP:options-mss:16485:2]-tamper{TCP:dport:corrupt}-|,1,[-10]
-10.0,[TCP:dport:21115]-duplicate-|,1,[-10]
-10.0,"[TCP:sport:20609]-tamper{TCP:options-uto:corrupt}(drop,)-|",1,[-10]
-10.0,[TCP:chksum:28151]-duplicate-|,1,[-10]
-10.0,[TCP:sport:27726]-tamper{TCP:dataofs:replace:5}-|,1,[-10]
-10.0,"[TCP:options-altchksumopt::0]-fragment{tcp:-1:False}(tamper{TCP:options-nop:replace:},)-|",1,[-10]
-10.0,"[TCP:options-altchksum:3:4]-fragment{tcp:-1:False}(tamper{TCP:options-wscale:corrupt},)-|",1,[-10]
-10.0,"[TCP:options-wscale:14]-duplicate(tamper{TCP:options-sackok:replace:},)-|",1,[-10]
-10.0,[TCP:options-md5header:677b49812db7f817388cc4d828bfac22]-fragment{tcp:-1:True}-|,1,[-10]
-10.0,"[TCP:options-eol:]-duplicate(,tamper{TCP:load:replace:})-|[TCP:seq:2758025460:1]-tamper{TCP:options-altchksumopt:corrupt}-|",1,[-10]
-10.0,[TCP:options-uto:40:4]-fragment{tcp:-1:False}-|,1,[-10]
-10.0,[TCP:options-mss:64886]-drop-|,1,[-10]
-10.0,[TCP:urgptr:51806]-duplicate-|,1,[-10]
-10.0,"[TCP:seq:85505892]-fragment{tcp:-1:True}(tamper{TCP:reserved:corrupt},)-|",1,[-10]
-10.0,"[TCP:flags:RAUN:2]-fragment{tcp:-1:False}(tamper{TCP:options-mss:replace:58192}(fragment{tcp:-1:True},),)-|",1,[-10]
-10.0,[TCP:dataofs:9:0]-tamper{TCP:options-nop:corrupt}-|[TCP:options-eol:]-tamper{TCP:options-md5header:replace:7b6d43b99591267952c44f23d2df6b6f}-|,1,[-10]
-10.0,"[TCP:seq:2553265484]-duplicate(,tamper{TCP:options-sack:corrupt})-|",1,[-10]
-10.0,"[TCP:load:__HTTP_REQUEST__]-duplicate(,tamper{TCP:options-timestamp:corrupt})-|",1,[-10]
-10.0,"[TCP:load:61xzlcncol:1]-fragment{tcp:-1:True}(tamper{TCP:options-timestamp:replace:3941610337},)-|",1,[-10]
-10.0,"[TCP:flags:RUEN]-tamper{TCP:flags:replace:FSPAE}(duplicate,)-|",1,[-10]
-10.0,[TCP:dport:2274]-fragment{tcp:-1:False}-|,1,[-10]
-10.0,[TCP:options-altchksum:133]-drop-|,1,[-10]
-10.0,[TCP:options-uto:255]-duplicate-|,1,[-10]
-10.0,"[TCP:dport:860]-tamper{TCP:urgptr:corrupt}(tamper{TCP:options-md5header:replace:fa29e309c707e569c11cce73bf3224b2},)-|",1,[-10]
-10.0,"[TCP:chksum:23559]-duplicate(,tamper{TCP:load:corrupt})-|",1,[-10]
-10.0,"[TCP:seq:3409176677]-tamper{TCP:options-sack:corrupt}(duplicate,)-|",1,[-10]
-10.0,"[TCP:flags:F:1]-duplicate(duplicate(fragment{tcp:-1:True},),)-|",1,[-10]
-10.0,[TCP:options-timestamp:1850962541:0]-duplicate-|,1,[-10]
-10.0,[TCP:dataofs:1]-drop-|,1,[-10]
-10.0,"[TCP:dataofs:5:3]-duplicate(,duplicate(duplicate,))-|",1,[-10]
-10.0,[TCP:urgptr:17928]-tamper{TCP:options-timestamp:corrupt}-|,1,[-10]
-10.0,"[TCP:chksum:52626:3]-fragment{tcp:-1:False}(tamper{TCP:options-sackok:corrupt},tamper{TCP:urgptr:corrupt})-|",1,[-10]
-10.0,[TCP:options-timestamp:1831417451]-tamper{TCP:options-nop:corrupt}-|,1,[-10]
-10.0,"[TCP:dataofs:4]-tamper{TCP:flags:replace:SA}(fragment{tcp:-1:True:5},)-|",1,[-10]
-10.0,"[TCP:options-md5header:b0c97fb0040f2efb218eb5568f39a0e3]-duplicate(tamper{TCP:sport:replace:36651},duplicate)-|",1,[-10]
-10.0,[TCP:sport:31987]-tamper{TCP:options-sackok:replace:}-|,1,[-10]
-10.0,[TCP:options-md5header:a3a9aff8bd90de23911837ee6f588efd]-tamper{TCP:urgptr:replace:54367}-|,1,[-10]
-10.0,[TCP:window:100]-duplicate-|,1,[-10]
-10.0,[TCP:ack:2487340779:0]-tamper{TCP:dport:corrupt}-|,1,[-10]
-10.0,"[TCP:window:110]-tamper{TCP:options-uto:corrupt}(duplicate(tamper{TCP:options-mss:corrupt},),)-|",1,[-10]
-10.0,[TCP:options-mss:20900]-drop-|,1,[-10]
-10.0,[TCP:sport:65289]-duplicate-|,1,[-10]
-10.0,"[TCP:seq:1610619706]-tamper{TCP:options-altchksum:corrupt}(tamper{TCP:window:replace:130}(duplicate,),)-|",1,[-10]
-10.0,[TCP:options-wscale:82:3]-tamper{TCP:options-uto:corrupt}-|,1,[-10]
-10.0,"[TCP:flags:FA]-tamper{TCP:reserved:corrupt}(tamper{TCP:dataofs:corrupt},)-|",1,[-10]
-10.0,"[TCP:options-timestamp:1774955122]-fragment{tcp:-1:False}(tamper{TCP:options-nop:corrupt},)-|",1,[-10]
-10.0,[TCP:sport:17786]-tamper{TCP:options-sackok:replace:}-|,1,[-10]
-10.0,[TCP:window:120]-tamper{TCP:options-nop:corrupt}-|,1,[-10]
-10.0,"[TCP:options-sack:]-fragment{tcp:-1:True}(tamper{TCP:options-mss:corrupt}(tamper{TCP:load:corrupt},),)-|[TCP:dataofs:11]-duplicate-|",1,[-10]
-10.0,[TCP:window:80]-duplicate-|,1,[-10]
-10.0,[TCP:chksum:1147]-duplicate-|,1,[-10]
-10.0,[TCP:sport:1889]-tamper{TCP:options-timestamp:corrupt}-|,1,[-10]
-10.0,[TCP:chksum:1147]-tamper{TCP:sport:corrupt}-|,1,[-10]
-10.0,[TCP:seq:4190712987]-tamper{TCP:dport:corrupt}-|,1,[-10]
-10.0,[TCP:dataofs:15]-duplicate-|,1,[-10]
-10.0,[TCP:dataofs:7]-tamper{TCP:options-wscale:replace:78}-|,1,[-10]
-10.0,"[TCP:options-wscale:82:3]-tamper{TCP:options-uto:corrupt}(duplicate,)-|",1,[-10]
-10.0,[TCP:options-mss:52645:1]-duplicate-|,1,[-10]
-10.0,[TCP:options-md5header:4d5c1bdc70a66349fde4588413089396]-duplicate-|,1,[-10]
-10.0,[TCP:load:]-fragment{tcp:-1:True}-|,1,[-10]
-10.0,[TCP:options-md5header:b1bbf2b73fda015618627d47facad910:0]-tamper{TCP:reserved:replace:6}-|,1,[-10]
-10.0,[TCP:urgptr:2729]-tamper{TCP:options-altchksum:replace:61}-|,1,[-10]
-10.0,[TCP:reserved:5]-drop-|,1,[-10]
-10.0,[TCP:options-wscale:114]-tamper{TCP:options-sackok:replace:}-|,1,[-10]
-10.0,[TCP:options-md5header:7e28edd3af8295bfbb1ff23839e7d346]-tamper{TCP:options-sack:corrupt}-|,1,[-10]
-10.0,[TCP:options-md5header:a5d7ad2b0a3475ecc38e51ce296c8b7d]-drop-|,1,[-10]
-10.0,[TCP:options-md5header:a5d7ad2b0a3475ecc38e51ce296c8b7d]-tamper{TCP:flags:corrupt}-|,1,[-10]
-10.0,[TCP:ack:3005441391]-fragment{tcp:-1:False}-|,1,[-10]
-10.0,[TCP:options-uto:218]-tamper{TCP:window:corrupt}-|,1,[-10]
-10.0,[TCP:load:zg77vyrc8l]-tamper{TCP:options-altchksum:corrupt}-|,1,[-10]
-10.0,[TCP:dport:57011]-tamper{TCP:load:replace:}-|,1,[-10]
-10.0,[TCP:sport:58919]-tamper{TCP:options-sackok:replace:}-|,1,[-10]
-10.0,[TCP:seq:3494732787]-tamper{TCP:options-altchksumopt:corrupt}-|,1,[-10]
-10.0,"[TCP:options-nop:]-fragment{tcp:-1:True}(tamper{TCP:dport:corrupt},duplicate)-|[TCP:load:__HTTP_REQUEST__:3]-fragment{tcp:-1:True}-|",1,[-10]
-10.0,[TCP:sport:55155:1]-tamper{TCP:options-altchksumopt:replace:}-|,1,[-10]
-10.0,[TCP:options-altchksum:139]-drop-|,1,[-10]
-10.0,"[TCP:options-altchksumopt:]-duplicate(tamper{TCP:options-wscale:replace:131}(fragment{tcp:25:True},),)-|[TCP:options-nop::0]-tamper{TCP:options-sack:replace:}-|",1,[-10]
-10.0,[TCP:options-timestamp:663638383]-tamper{TCP:dataofs:replace:10}-|,1,[-10]
-10.0,[TCP:sport:1889]-tamper{TCP:chksum:corrupt}-|,1,[-10]
-10.0,[TCP:options-mss:56955]-tamper{TCP:sport:replace:51665}-|,1,[-10]
-10.0,"[TCP:options-altchksum:227]-tamper{TCP:seq:corrupt}(duplicate,)-|[TCP:options-eol:]-tamper{TCP:sport:replace:48441}-|",1,[-10]
-10.0,[TCP:options-md5header:b1bbf2b73fda015618627d47facad910:0]-tamper{TCP:window:corrupt}-|,1,[-10]
-10.0,[TCP:load:__DNS_REQUEST__]-tamper{TCP:chksum:replace:63337}-|,1,[-10]
-10.0,[TCP:sport:1889]-tamper{TCP:options-eol:replace:}-|,1,[-10]
-10.0,"[TCP:load:61xzlcncol:1]-fragment{tcp:19:False}(tamper{TCP:options-timestamp:replace:3941610337},)-|",1,[-10]
-10.0,"[TCP:load:75eevtfqr5]-tamper{TCP:options-timestamp:replace:1286865861}(duplicate,)-|",1,[-10]
-10.0,[TCP:window:190]-tamper{TCP:reserved:corrupt}-|,1,[-10]
-10.0,[TCP:options-md5header:cb19d90796916156374f66aae022ec57:1]-tamper{TCP:options-sackok:corrupt}-|,1,[-10]
-10.0,[TCP:sport:51292:0]-tamper{TCP:dport:replace:42841}-|,1,[-10]
-10.0,[TCP:reserved:4]-fragment{tcp:-1:False}-|,1,[-10]
-10.0,[TCP:load:__HTTP_REQUEST__]-duplicate-|,1,[-10]
-10.0,[TCP:reserved:5]-fragment{tcp:-1:False}-|,1,[-10]
-10.0,[TCP:dport:57011]-|[TCP:options-nop:]-fragment{tcp:-1:False}-|,1,[-10]
-10.0,[TCP:dport:43084:3]-drop-|,1,[-10]
-10.0,[TCP:window:40:2]-tamper{TCP:options-md5header:corrupt}-|,1,[-10]
-10.0,"[TCP:options-nop:]-fragment{tcp:-1:True}(tamper{TCP:dport:corrupt},duplicate)-|[TCP:options-altchksum:217:3]-drop-|",1,[-10]
-10.0,[TCP:options-mss:50649]-tamper{TCP:options-eol:replace:}-|,1,[-10]
-10.0,[TCP:chksum:23363]-tamper{TCP:options-wscale:replace:125}-|,1,[-10]
-10.0,[TCP:options-uto:116]-fragment{tcp:-1:True}-|,1,[-10]
-10.0,[TCP:options-md5header:b1bbf2b73fda015618627d47facad910:0]-tamper{TCP:options-timestamp:replace:1481696357}-|,1,[-10]
-10.0,"[TCP:options-altchksumopt:]-duplicate(fragment{tcp:-1:False},duplicate)-|[TCP:dataofs:1]-fragment{tcp:-1:True}-|",1,[-10]
-10.0,[TCP:load::4]-tamper{TCP:options-sack:corrupt}-|,1,[-10]
-10.0,[TCP:options-uto:255]-tamper{TCP:options-timestamp:corrupt}-|,1,[-10]
-10.0,[TCP:options-mss:30033]-tamper{TCP:seq:replace:3154189382}-|,1,[-10]
-10.0,[TCP:ack:2980455335]-tamper{TCP:seq:corrupt}-|,1,[-10]
-10.0,[TCP:dport:57011]-fragment{tcp:-1:True}-|,1,[-10]
-10.0,[TCP:ack:3152902615]-drop-|,1,[-10]
-10.0,[TCP:sport:29419:1]-tamper{TCP:options-altchksumopt:corrupt}-|,1,[-10]
-10.0,[TCP:dport:14818]-fragment{tcp:-1:True}-|,1,[-10]
-10.0,[TCP:options-altchksum:215]-drop-|,1,[-10]
-10.0,"[TCP:options-nop:]-duplicate(fragment{tcp:-1:False},)-|[TCP:chksum:26525:1]-tamper{TCP:window:replace:190}-|",1,[-10]
-10.0,[TCP:options-uto:73]-tamper{TCP:options-sack:corrupt}-|,1,[-10]
-10.0,"[TCP:options-eol::2]-tamper{TCP:options-uto:corrupt}(tamper{TCP:options-wscale:corrupt},)-|[TCP:load:orhlwbzuy6]-tamper{TCP:urgptr:replace:4961}-|",1,[-10]
-10.0,[TCP:options-mss:16485:2]-tamper{TCP:load:corrupt}-|,1,[-10]
-10.0,[TCP:window:190]-fragment{tcp:-1:True}-|,1,[-10]
-10.0,[TCP:dport:57011]-tamper{TCP:sport:replace:49315}-|,1,[-10]
-10.0,[TCP:options-timestamp:3510543436]-duplicate-|,1,[-10]
-10.0,[TCP:seq:2368511416]-duplicate-|,1,[-10]
-10.0,[TCP:dataofs:6]-tamper{TCP:options-wscale:corrupt}-|,1,[-10]
-10.0,[TCP:options-md5header:a5d7ad2b0a3475ecc38e51ce296c8b7d]-tamper{TCP:load:replace:__HTTP_REQUEST__}-|,1,[-10]
-10.0,[TCP:chksum:60971:0]-tamper{TCP:flags:corrupt}-|,1,[-10]
-10.0,[TCP:chksum:60357:4]-fragment{tcp:-1:False}-|,1,[-10]
-10.0,[TCP:sport:1889]-tamper{TCP:options-md5header:replace:30bf2159a8fe435240da61dc28a80986}-|,1,[-10]
-10.0,"[TCP:options-altchksumopt:]-tamper{TCP:seq:replace:2055476593}(tamper{TCP:flags:corrupt}(tamper{TCP:window:replace:120},),)-|[TCP:reserved:2]-tamper{TCP:dataofs:corrupt}-|",1,[-10]
-10.0,[TCP:dport:821]-duplicate-|,1,[-10]
-10.0,[TCP:dport:10893]-duplicate-|,1,[-10]
-10.0,[TCP:options-timestamp:3440470182]-tamper{TCP:window:corrupt}-|,1,[-10]
-10.0,[TCP:sport:1889]-tamper{TCP:sport:corrupt}-|,1,[-10]
-10.0,[TCP:options-md5header:be2d01ed2134414be52cdfd9a1f1e4cd]-tamper{TCP:options-uto:corrupt}-|,1,[-10]
-10.0,[TCP:options-md5header:c766023ba37c8e248c20c276ea8b2d1d]-tamper{TCP:ack:replace:1948250470}-|,1,[-10]
-10.0,[TCP:window:20:0]-duplicate-|,1,[-10]
-10.0,[TCP:options-md5header:a645c97b31fde86015ffbeca36062054]-tamper{TCP:dataofs:replace:8}-|,1,[-10]
-10.0,[TCP:sport:15097]-duplicate-|,1,[-10]
-10.0,"[TCP:options-md5header:b1bbf2b73fda015618627d47facad910:0]-fragment{tcp:-1:True}(tamper{TCP:options-mss:corrupt}(tamper{TCP:urgptr:corrupt},),)-|",1,[-10]
-10.0,[TCP:load:wsikrdrbeq]-tamper{TCP:dport:replace:4112}-|,1,[-10]
-10.0,[TCP:chksum:64166]-duplicate-|,1,[-10]
-10.0,[TCP:sport:57924:4]-tamper{TCP:urgptr:replace:51809}-|,1,[-10]
-10.0,[TCP:reserved:5]-fragment{tcp:-1:True}-|,1,[-10]
-10.0,[TCP:sport:59791:0]-fragment{tcp:-1:False}-|,1,[-10]
-10.0,"[TCP:options-altchksumopt:]-tamper{TCP:options-altchksum:corrupt}(tamper{TCP:load:replace:__DNS_REQUEST__},)-|[TCP:seq:3348601191:4]-duplicate-|",1,[-10]
-10.0,[TCP:options-uto:242:0]-tamper{TCP:options-altchksum:corrupt}-|,1,[-10]
-10.0,[TCP:options-altchksumopt:]-tamper{TCP:options-mss:corrupt}-|[TCP:options-wscale:144:0]-tamper{TCP:options-wscale:replace:7}-|,1,[-10]
-10.0,[TCP:options-sackok:]-duplicate-|[TCP:flags:FSRAC]-tamper{TCP:dataofs:corrupt}-|,1,[-10]
-10.0,[TCP:ack:3419357293:0]-fragment{tcp:-1:False}-|,1,[-10]
-10.0,[TCP:options-sackok:]-tamper{TCP:options-mss:replace:20999}-|[TCP:urgptr:10306]-tamper{TCP:flags:corrupt}-|,1,[-10]
-10.0,"[TCP:options-nop:]-tamper{TCP:options-sack:corrupt}(tamper{TCP:options-altchksum:corrupt},)-|[TCP:options-altchksum:195]-tamper{TCP:options-altchksumopt:corrupt}-|",1,[-10]
-10.0,[TCP:options-eol:]-fragment{tcp:-1:True}-|[TCP:load:__HTTP_REQUEST__]-duplicate-|,1,[-10]
-10.0,"[TCP:options-altchksumopt:]-duplicate(,tamper{TCP:options-uto:corrupt})-|[TCP:urgptr:4670]-fragment{tcp:-1:False}-|",1,[-10]
-10.0,[TCP:options-sackok:]-tamper{TCP:options-mss:replace:20999}-|[TCP:options-md5header:59e657bdb04ba024f92bd00762002695]-duplicate-|,1,[-10]
-10.0,[TCP:options-sack::0]-fragment{tcp:38:True:27}-|[TCP:options-md5header:71f97eac0b4fe8fd89ce7a3c41bbc948]-tamper{TCP:options-sackok:corrupt}-|,1,[-10]
-10.0,"[TCP:options-altchksumopt::1]-duplicate(,tamper{TCP:load:replace:__DNS_REQUEST__})-|[TCP:seq:609138904:0]-tamper{TCP:options-mss:corrupt}-|",1,[-10]
-10.0,[TCP:window:110]-fragment{tcp:-1:True}-|,1,[-10]
-10.0,"[TCP:options-nop:]-fragment{tcp:-1:True}(,fragment{ip:45:False})-|[TCP:flags:P]-tamper{TCP:options-sack:corrupt}-|",1,[-10]
-10.0,"[TCP:options-nop:]-duplicate(tamper{TCP:reserved:replace:5},)-|[TCP:options-mss:42640]-tamper{TCP:options-mss:corrupt}-|",1,[-10]
-10.0,[TCP:options-sackok:]-tamper{TCP:ack:replace:1457491038}-|[TCP:sport:14972]-tamper{TCP:seq:corrupt}-|,1,[-10]
-10.0,"[TCP:options-nop:]-duplicate(tamper{TCP:reserved:replace:2}(tamper{TCP:ack:corrupt},),)-|[TCP:options-altchksum:135]-tamper{TCP:options-altchksumopt:replace:}-|",1,[-10]
-10.0,"[TCP:options-nop:]-duplicate(,duplicate)-|[TCP:options-wscale:195]-tamper{TCP:dataofs:replace:12}-|",1,[-10]
-10.0,[TCP:flags:FAUEN]-tamper{TCP:options-mss:corrupt}-|,1,[-10]
-10.0,"[TCP:options-uto:242:0]-tamper{TCP:seq:replace:3394521885}(fragment{tcp:-1:False},)-|",1,[-10]
-10.0,"[TCP:options-altchksumopt:]-duplicate(,tamper{TCP:window:replace:120})-|[TCP:seq:1961500802]-drop-|",1,[-10]
-10.0,"[TCP:options-altchksumopt:]-tamper{TCP:flags:corrupt}(tamper{TCP:options-altchksum:corrupt},)-|[TCP:load:]-duplicate-|",1,[-10]
-10.0,[TCP:options-mss:17665]-tamper{TCP:options-nop:corrupt}-|,1,[-10]
-10.0,[TCP:options-uto:242:0]-fragment{tcp:-1:False}-|,1,[-10]
-10.0,"[TCP:options-altchksumopt:]-duplicate(,tamper{TCP:options-uto:corrupt})-|[TCP:chksum:12068]-duplicate-|",1,[-10]
-10.0,[TCP:options-uto:242:0]-|[TCP:options-sackok:]-tamper{TCP:flags:replace:P}-|,1,[-10]
-10.0,[TCP:dataofs:10]-tamper{TCP:dataofs:replace:3}-|,1,[-10]
-10.0,[TCP:flags:FAUEN]-duplicate-|,1,[-10]
-10.0,"[TCP:options-nop:]-tamper{TCP:options-sack:corrupt}(tamper{TCP:options-mss:replace:998}(tamper{TCP:options-altchksum:replace:59},),)-|[TCP:options-mss:52449]-tamper{TCP:flags:corrupt}-|",1,[-10]
-10.0,"[TCP:options-nop:]-duplicate(,duplicate)-|[TCP:urgptr:23077]-tamper{TCP:options-sack:replace:}-|",1,[-10]
-10.0,"[TCP:options-nop:]-fragment{tcp:-1:True}(tamper{TCP:dport:corrupt},)-|[TCP:dataofs:7]-tamper{TCP:options-md5header:replace:65f275edac832be0701e085a2dc63959}-|",1,[-10]
-10.0,"[TCP:options-nop:]-fragment{tcp:-1:True}(,duplicate)-|[TCP:options-timestamp:805529134:0]-duplicate-|",1,[-10]
-10.0,[TCP:flags:SRA]-tamper{TCP:seq:corrupt}-|,1,[-10]
-10.0,[TCP:options-nop:]-tamper{TCP:chksum:corrupt}-|[TCP:options-wscale:1]-fragment{tcp:-1:False}-|,1,[-10]
-10.0,[TCP:options-nop:]-duplicate-|[TCP:sport:53810]-tamper{TCP:sport:corrupt}-|,1,[-10]
-10.0,[TCP:options-eol:]-fragment{tcp:45:True}-|[TCP:options-md5header:80b6b9f0925e86001f109d2b4599aeca]-duplicate-|,1,[-10]
-10.0,[TCP:options-sack::0]-fragment{tcp:35:False:27}-|[TCP:options-timestamp:1233382322]-tamper{TCP:options-nop:corrupt}-|,1,[-10]
-10.0,[TCP:options-sack:]-tamper{TCP:options-nop:corrupt}-|[TCP:chksum:46185]-fragment{tcp:-1:True}-|,1,[-10]
-10.0,"[TCP:options-nop:]-duplicate(tamper{TCP:reserved:replace:5},)-|[TCP:options-nop:]-tamper{TCP:ack:corrupt}-|[TCP:load:07gkqdidcs]-duplicate-|",1,[-10]
-10.0,[TCP:options-altchksumopt:]-tamper{TCP:dataofs:corrupt}-|[TCP:options-timestamp:2088123773]-duplicate-|,1,[-10]
-10.0,"[TCP:options-nop:]-duplicate(duplicate,)-|[TCP:options-nop:]-fragment{tcp:-1:False:5}-|[TCP:chksum:59183]-drop-|",1,[-10]
-10.0,"[TCP:options-altchksumopt:]-tamper{TCP:options-timestamp:corrupt}(tamper{TCP:ack:corrupt},)-|[TCP:sport:27220]-fragment{tcp:-1:False}-|",1,[-10]
-10.0,"[TCP:options-sackok:]-duplicate(duplicate,)-|[TCP:seq:1037431821:4]-tamper{TCP:options-altchksumopt:corrupt}-|",1,[-10]
-10.0,"[TCP:options-sackok:]-fragment{tcp:18:False}(tamper{TCP:options-wscale:corrupt},)-|[TCP:options-eol::0]-duplicate-|[TCP:load:]-tamper{TCP:dataofs:replace:12}-|",1,[-10]
-10.0,[TCP:options-altchksumopt:]-fragment{tcp:-1:False:29}-|[TCP:seq:3707799027]-duplicate-|,1,[-10]
-10.0,"[TCP:options-altchksumopt:]-duplicate(fragment{tcp:13:False},duplicate)-|[TCP:options-timestamp:115936505]-fragment{tcp:-1:True}-|[TCP:options-uto:142:1]-tamper{TCP:sport:corrupt}-|",1,[-10]
-10.0,[TCP:options-md5header:6582ce563f7c955e6266f45faeb6fbe8]-tamper{TCP:load:replace:}-|,1,[-10]
-10.0,"[TCP:options-sack::0]-tamper{TCP:sport:replace:6256}(tamper{TCP:dataofs:corrupt},)-|[TCP:seq:1331136312]-duplicate-|",1,[-10]
-10.0,[TCP:options-sack::0]-tamper{TCP:options-nop:corrupt}-|[TCP:reserved:5:4]-tamper{TCP:reserved:replace:7}-|,1,[-10]
-10.0,"[TCP:options-nop:]-tamper{TCP:options-sack:corrupt}(tamper{TCP:options-altchksum:corrupt}(tamper{TCP:ack:corrupt},),)-|[TCP:window:30]-tamper{TCP:options-wscale:corrupt}-|",1,[-10]
-10.0,[TCP:options-altchksum:64]-tamper{TCP:options-sack:replace:}-|,1,[-10]
-10.0,[TCP:options-sackok:]-tamper{TCP:seq:corrupt}-|[TCP:sport:19548:2]-tamper{TCP:options-md5header:corrupt}-|,1,[-10]
-10.0,[TCP:options-timestamp:842355070]-tamper{TCP:reserved:corrupt}-|[TCP:seq:4154837737]-drop-|,1,[-10]
-10.0,[TCP:options-nop:]-duplicate-|[TCP:dataofs:2]-tamper{TCP:options-sack:replace:}-|,1,[-10]
-10.0,[TCP:options-nop:]-tamper{TCP:options-wscale:corrupt}-|[TCP:reserved:1]-duplicate-|,1,[-10]
-10.0,"[TCP:options-nop:]-duplicate(,tamper{TCP:sport:replace:57154})-|[TCP:options-wscale:246]-tamper{TCP:options-nop:replace:}-|",1,[-10]
-10.0,[TCP:dport:21712]-tamper{TCP:options-nop:replace:}-|,1,[-10]
-10.0,[TCP:options-eol::0]-tamper{TCP:options-nop:corrupt}-|[TCP:chksum:19391:0]-tamper{TCP:options-mss:replace:15906}-|,1,[-10]
-10.0,[TCP:reserved:2:0]-drop-|,1,[-10]
-10.0,[TCP:reserved:0]-fragment{tcp:-1:False}-|[TCP:options-wscale:97]-tamper{TCP:flags:corrupt}-|,1,[-10]
-10.0,[TCP:options-wscale:170]-duplicate-|,1,[-10]
-10.0,"[TCP:options-nop:]-duplicate(tamper{TCP:reserved:replace:5},)-|[TCP:options-nop:]-tamper{TCP:ack:corrupt}-|[TCP:seq:2927764947:2]-tamper{TCP:options-sack:corrupt}-|",1,[-10]
-10.0,"[TCP:reserved:0]-duplicate(,duplicate(,fragment{tcp:-1:False:14}))-|[TCP:seq:1684955437:1]-fragment{tcp:-1:False}-|",1,[-10]
-10.0,"[TCP:options-altchksumopt:]-tamper{TCP:seq:replace:2055476593}(tamper{TCP:flags:corrupt}(tamper{TCP:window:replace:120}(duplicate,),),)-|[TCP:seq:4202746168]-fragment{tcp:-1:True}-|",1,[-10]
-10.0,"[TCP:options-altchksumopt:]-tamper{TCP:seq:corrupt}(tamper{TCP:window:replace:120}(tamper{TCP:options-md5header:corrupt},),)-|[TCP:chksum:11615:3]-fragment{tcp:-1:True}-|",1,[-10]
-10.0,"[TCP:options-altchksumopt::0]-tamper{TCP:options-sackok:replace:}(duplicate(fragment{tcp:-1:True}(duplicate,drop),),)-|[TCP:dataofs:8:1]-duplicate-|",1,[-10]
-10.0,[TCP:seq:3889001947]-tamper{TCP:seq:replace:4245909640}-|,1,[-10]
-10.0,[TCP:options-nop:]-tamper{TCP:window:replace:120}-|[TCP:urgptr:47870]-tamper{TCP:seq:replace:3232400648}-|,1,[-10]
-10.0,[TCP:options-altchksumopt:]-tamper{TCP:ack:corrupt}-|[TCP:seq:1709538503]-tamper{TCP:options-nop:replace:}-|,1,[-10]
-10.0,"[TCP:options-sack:]-duplicate(tamper{TCP:urgptr:corrupt},)-|[TCP:options-timestamp:220102941]-tamper{TCP:ack:corrupt}-|",1,[-10]
-10.0,"[TCP:options-altchksumopt:]-tamper{TCP:seq:replace:2055476593}(tamper{TCP:dataofs:corrupt}(tamper{TCP:options-nop:replace:},),)-|[TCP:load:__HTTP_REQUEST__]-duplicate-|",1,[-10]
-10.0,"[TCP:options-sackok::0]-tamper{TCP:options-mss:replace:44770}(duplicate,)-|[TCP:options-timestamp:1215315890]-tamper{TCP:options-eol:replace:}-|",1,[-10]
-10.0,[TCP:options-mss:22423:3]-tamper{TCP:urgptr:replace:40641}-|,1,[-10]
-10.0,"[TCP:options-eol:]-tamper{TCP:load:replace:dosbe06i2o}(tamper{TCP:options-mss:replace:9954},)-|[TCP:window:190]-fragment{tcp:-1:False}-|",1,[-10]
-10.0,"[TCP:options-altchksumopt:]-tamper{TCP:seq:replace:2055476593}(tamper{TCP:sport:corrupt},)-|[TCP:load:jlrzh5k48x]-tamper{TCP:options-sackok:replace:}-|",1,[-10]
-10.0,"[TCP:options-altchksumopt:]-tamper{TCP:seq:replace:2055476593}(tamper{TCP:options-uto:corrupt}(tamper{TCP:window:replace:120},),)-|[TCP:options-mss:12641]-tamper{TCP:sport:replace:9010}-|",1,[-10]
-10.0,"[TCP:options-altchksumopt::0]-duplicate(fragment{tcp:-1:True},)-|[TCP:flags:FRPAUC]-drop-|",1,[-10]
-10.0,[TCP:options-altchksumopt:]-fragment{tcp:6:False}-|[TCP:options-md5header:5bc21b0d78d18f3a5fca04fc4bd4db38]-tamper{TCP:options-mss:corrupt}-|,1,[-10]
-10.0,[TCP:options-altchksumopt:]-fragment{tcp:25:True}-|[TCP:dport:32257]-tamper{TCP:seq:replace:2476849845}-|,1,[-10]
-10.0,"[TCP:options-sackok:]-tamper{TCP:dport:replace:22413}(duplicate(duplicate,),)-|[TCP:options-altchksum:16]-drop-|",1,[-10]
-10.0,[TCP:options-altchksumopt:]-tamper{TCP:options-timestamp:corrupt}-|[TCP:reserved:5]-fragment{tcp:-1:True}-|,1,[-10]
-10.0,"[TCP:options-altchksumopt:]-tamper{TCP:seq:replace:2055476593}(tamper{TCP:flags:corrupt}(tamper{TCP:window:replace:120}(fragment{ip:-1:True:4}(duplicate,),),),)-|[TCP:window:90]-tamper{TCP:ack:corrupt}-|",1,[-10]
-10.0,[TCP:options-uto:220]-fragment{tcp:-1:False}-|,1,[-10]
-10.0,[TCP:options-sackok:]-tamper{TCP:sport:replace:2779}-|[TCP:window:120]-duplicate-|,1,[-10]
-10.0,"[TCP:options-sack:]-duplicate(,tamper{TCP:options-altchksumopt:corrupt}(duplicate,))-|[TCP:options-timestamp:1535444782]-tamper{TCP:options-nop:corrupt}-|",1,[-10]
-10.0,"[TCP:options-altchksumopt:]-tamper{TCP:seq:replace:2055476593}(tamper{TCP:flags:corrupt}(tamper{TCP:dataofs:replace:5}(fragment{tcp:-1:True},),),)-|[TCP:urgptr:31808]-fragment{tcp:-1:False}-|",1,[-10]
-10.0,[TCP:options-nop:]-fragment{tcp:45:True:3}-|[TCP:options-wscale:212:4]-tamper{TCP:options-sackok:replace:}-|,1,[-10]
-10.0,"[TCP:options-altchksumopt:]-duplicate(tamper{TCP:load:corrupt},tamper{TCP:dport:corrupt})-|[TCP:chksum:31165]-drop-|",1,[-10]
-10.0,[TCP:options-altchksumopt:]-fragment{tcp:-1:True:35}-|[TCP:flags:RA]-duplicate-|,1,[-10]
-10.0,"[TCP:options-altchksumopt:]-tamper{TCP:seq:corrupt}(tamper{TCP:window:replace:120}(tamper{TCP:options-md5header:corrupt}(tamper{TCP:options-wscale:corrupt},),),)-|[TCP:options-wscale:161]-tamper{TCP:options-altchksum:replace:99}-|",1,[-10]
-10.0,"[TCP:options-altchksumopt:]-tamper{TCP:options-altchksumopt:corrupt}(duplicate,)-|[TCP:options-nop::0]-duplicate-|[TCP:options-wscale:250]-fragment{tcp:-1:False}-|",1,[-10]
-10.0,[TCP:options-nop:]-duplicate-|[TCP:seq:1207038814]-duplicate-|,1,[-10]
-10.0,"[TCP:options-sackok::0]-tamper{TCP:options-mss:replace:44770}(duplicate(tamper{TCP:dport:corrupt},),)-|[TCP:options-uto:222]-tamper{TCP:dport:corrupt}-|",1,[-10]
-10.0,[TCP:options-altchksumopt:]-fragment{tcp:-1:True:35}-|[TCP:options-altchksum:143]-fragment{tcp:-1:False}-|,1,[-10]
-10.0,"[TCP:options-nop:]-tamper{TCP:options-sackok:replace:}(duplicate,)-|[TCP:window:140]-fragment{tcp:-1:False}-|",1,[-10]
-10.0,[TCP:options-altchksumopt:]-duplicate-|[TCP:urgptr:20701]-duplicate-|,1,[-10]
-10.0,[TCP:options-sackok:]-tamper{TCP:urgptr:corrupt}-|[TCP:options-eol::0]-duplicate-|[TCP:load:1rkewun22s]-duplicate-|,1,[-10]
-10.0,[TCP:options-altchksumopt:]-duplicate-|[TCP:chksum:8669]-duplicate-|,1,[-10]
-10.0,"[TCP:options-altchksumopt:]-tamper{TCP:load:replace:}(duplicate,)-|[TCP:options-sack:]-tamper{TCP:options-md5header:replace:289352d78a28feb26de2a513167edd1b}-|[TCP:sport:28749:2]-tamper{TCP:options-sackok:corrupt}-|",1,[-10]
-10.0,"[TCP:options-sackok:]-tamper{TCP:options-nop:replace:}(tamper{TCP:options-nop:corrupt}(tamper{TCP:options-altchksumopt:corrupt},),)-|[TCP:options-mss:34725]-duplicate-|",1,[-10]
-10.0,"[TCP:reserved:0]-duplicate(,tamper{TCP:load:corrupt})-|[TCP:sport:25882]-duplicate-|",1,[-10]
-10.0,[TCP:options-altchksumopt:]-fragment{tcp:-1:True:35}-|[TCP:options-md5header:7f6da8e33d9f7c9de5bcf42b4ce3d088]-tamper{TCP:urgptr:replace:61922}-|,1,[-10]
-10.0,[TCP:options-altchksumopt:]-duplicate-|[TCP:sport:7524]-tamper{TCP:options-nop:corrupt}-|,1,[-10]
-10.0,[TCP:seq:4082688393]-duplicate-|[TCP:options-altchksum:101]-tamper{TCP:options-sack:corrupt}-|,1,[-10]
-10.0,"[TCP:options-altchksumopt:]-tamper{TCP:load:replace:}(duplicate,)-|[TCP:options-sack:]-tamper{TCP:options-md5header:replace:289352d78a28feb26de2a513167edd1b}-|[TCP:load::2]-duplicate-|",1,[-10]
-10.0,[TCP:options-altchksumopt::0]-tamper{TCP:ack:replace:424409315}-|[TCP:window:60]-duplicate-|,1,[-10]
-10.0,"[TCP:options-altchksumopt:]-tamper{TCP:options-timestamp:corrupt}(tamper{TCP:window:corrupt}(tamper{TCP:window:replace:180},),)-|[TCP:load:__DNS_REQUEST__]-tamper{TCP:flags:replace:FA}-|",1,[-10]
-10.0,"[TCP:options-altchksumopt::0]-tamper{TCP:options-sackok:replace:}(duplicate(,fragment{tcp:-1:True}(duplicate,fragment{ip:29:False:3})),)-|[TCP:flags:F]-tamper{TCP:options-uto:replace:231}-|",1,[-10]
-10.0,[TCP:options-altchksumopt:]-fragment{tcp:-1:False:5}-|[TCP:window:110]-tamper{TCP:options-altchksumopt:corrupt}-|,1,[-10]
-10.0,[TCP:options-nop:]-duplicate-|[TCP:options-uto:160]-duplicate-|,1,[-10]
-10.0,[TCP:options-altchksumopt:]-duplicate-|[TCP:window:150]-duplicate-|,1,[-10]
-10.0,"[TCP:options-altchksumopt:]-fragment{ip:-1:False:29}(tamper{TCP:reserved:replace:1},)-|[TCP:dataofs:8:1]-tamper{TCP:window:replace:190}-|",1,[-10]
-10.0,[TCP:options-altchksumopt:]-tamper{TCP:ack:corrupt}-|[TCP:seq:4250753678]-tamper{TCP:seq:corrupt}-|,1,[-10]
-10.0,"[TCP:options-altchksumopt:]-tamper{TCP:options-timestamp:corrupt}(duplicate(,duplicate),)-|[TCP:options-wscale:162]-duplicate-|",1,[-10]
-10.0,"[TCP:reserved:0]-fragment{tcp:-1:False:22}(,duplicate(tamper{TCP:seq:replace:3386462654},))-|[TCP:seq:7135567]-drop-|",1,[-10]
-10.0,"[TCP:options-nop:]-fragment{tcp:-1:True}(duplicate(,duplicate(fragment{tcp:-1:True},)),)-|[TCP:options-mss:55565]-drop-|",1,[-10]
-10.0,"[TCP:options-altchksumopt:]-tamper{TCP:options-timestamp:corrupt}(tamper{TCP:window:replace:120}(duplicate,),)-|[TCP:chksum:15384]-fragment{tcp:-1:False}-|",1,[-10]
-10.0,[TCP:options-nop:]-tamper{TCP:dport:replace:16176}-|[TCP:options-md5header:56e9e0fccaa5f9089914f62b78981e48:3]-duplicate-|,1,[-10]
-10.0,[TCP:sport:1089:4]-tamper{TCP:options-mss:corrupt}-|,1,[-10]
-10.0,"[TCP:options-eol:]-duplicate(tamper{TCP:options-uto:replace:32}(tamper{TCP:options-altchksumopt:corrupt},),tamper{TCP:options-wscale:corrupt}(duplicate,))-|[TCP:options-timestamp:2061351561]-duplicate-|",1,[-10]
-10.0,[TCP:options-mss:34507:4]-tamper{TCP:options-altchksum:replace:2}-|,1,[-10]
-10.0,"[TCP:options-altchksumopt::0]-duplicate(fragment{tcp:-1:True},)-|[TCP:flags:FRAUECN]-tamper{TCP:options-sackok:corrupt}-|",1,[-10]
-10.0,"[TCP:options-eol:]-duplicate(tamper{TCP:sport:replace:57154},)-|[TCP:options-mss:57916]-tamper{TCP:urgptr:replace:42530}-|",1,[-10]
-10.0,[TCP:options-mss:36604:0]-duplicate-|,1,[-10]
-10.0,[TCP:options-altchksumopt:]-tamper{TCP:seq:replace:3426942665}-|[TCP:options-uto:135:2]-duplicate-|,1,[-10]
-10.0,[TCP:options-timestamp:3308810486]-tamper{TCP:options-nop:corrupt}-|[TCP:options-md5header:3094b3f2e6d451c38bf04c58a0850fcc]-duplicate-|,1,[-10]
-10.0,[TCP:options-altchksumopt:]-tamper{TCP:options-sackok:corrupt}-|[TCP:options-timestamp:3620617263]-fragment{tcp:-1:False}-|,1,[-10]
-10.0,"[TCP:options-altchksumopt:]-tamper{TCP:seq:replace:2055476593}(tamper{TCP:flags:corrupt}(fragment{tcp:14:True:43}(duplicate,),),)-|[TCP:options-altchksum:140]-duplicate-|",1,[-10]
-10.0,"[TCP:seq:3681579642:4]-duplicate(tamper{TCP:urgptr:corrupt},)-|[TCP:dport:60348]-fragment{tcp:-1:True}-|",1,[-10]
-10.0,"[TCP:options-nop:]-fragment{tcp:-1:True}(tamper{TCP:options-eol:corrupt}(fragment{tcp:-1:False},),)-|[TCP:dport:47065]-duplicate-|",1,[-10]
-10.0,[TCP:options-nop:]-tamper{TCP:options-wscale:corrupt}-|[TCP:load:__HTTP_REQUEST__]-tamper{TCP:options-timestamp:replace:3995820473}-|,1,[-10]
-10.0,"[TCP:options-eol:]-duplicate(tamper{TCP:options-md5header:corrupt},)-|[TCP:load:]-duplicate-|",1,[-10]
-10.0,[TCP:options-nop:]-fragment{tcp:-1:False:5}-|[TCP:options-mss:13526]-fragment{tcp:-1:True}-|,1,[-10]
-10.0,"[TCP:options-altchksumopt:]-tamper{TCP:seq:replace:2055476593}(tamper{TCP:urgptr:replace:44726},)-|[TCP:ack:972285547]-tamper{TCP:seq:replace:162721257}-|",1,[-10]
-10.0,"[TCP:options-altchksumopt::0]-tamper{TCP:options-timestamp:corrupt}(tamper{TCP:seq:corrupt}(tamper{TCP:options-md5header:corrupt},),)-|[TCP:options-wscale:59]-fragment{tcp:-1:False}-|",1,[-10]
-10.0,"[TCP:options-altchksumopt:]-tamper{TCP:options-altchksumopt:corrupt}(fragment{tcp:-1:False},)-|[TCP:urgptr:21493]-tamper{TCP:dataofs:replace:14}-|",1,[-10]
-10.0,[TCP:ack:2005227726:1]-tamper{TCP:sport:corrupt}-|[TCP:dataofs:14]-duplicate-|,1,[-10]
-10.0,"[TCP:options-altchksumopt:]-tamper{TCP:options-altchksum:replace:221}(duplicate,)-|[TCP:dataofs:14]-duplicate-|",1,[-10]
-10.0,"[TCP:options-altchksumopt::0]-duplicate(fragment{tcp:-1:True},)-|[TCP:options-altchksum:74]-duplicate-|",1,[-10]
-10.0,[TCP:chksum:3186]-duplicate-|,1,[-10]
-10.0,[TCP:options-eol:]-tamper{TCP:load:corrupt}-|[TCP:dataofs:12]-tamper{TCP:options-altchksum:replace:75}-|,1,[-10]
-10.0,"[TCP:options-altchksumopt:]-tamper{TCP:window:corrupt}(tamper{TCP:window:replace:180},)-|[TCP:sport:58227]-duplicate-|",1,[-10]
-10.0,"[TCP:options-nop:]-tamper{TCP:ack:replace:253256885}(duplicate,)-|[TCP:reserved:6]-tamper{TCP:options-md5header:corrupt}-|",1,[-10]
-10.0,[TCP:options-altchksumopt:]-duplicate-|[TCP:options-wscale:41]-fragment{tcp:-1:False}-|,1,[-10]
-10.0,[TCP:options-altchksumopt:]-fragment{tcp:-1:False:5}-|[TCP:flags:RA]-tamper{TCP:options-timestamp:replace:306883394}-|,1,[-10]
-10.0,[TCP:options-altchksumopt:]-tamper{TCP:options-eol:replace:}-|[TCP:options-md5header:7d47e7a1c2c8015d2831db588d9f9891]-tamper{TCP:options-nop:corrupt}-|,1,[-10]
-10.0,"[TCP:options-nop:]-fragment{tcp:-1:True}(tamper{TCP:window:corrupt},)-|[TCP:urgptr:5299]-duplicate-|",1,[-10]
-10.0,[TCP:options-altchksumopt:]-fragment{ip:29:False:3}-|[TCP:dport:15282]-tamper{TCP:ack:replace:2930467249}-|,1,[-10]
-10.0,[TCP:options-altchksumopt:]-duplicate-|[TCP:dataofs:11:4]-duplicate-|,1,[-10]
-10.0,"[TCP:options-sackok::0]-tamper{TCP:options-mss:replace:44770}(tamper{TCP:ack:replace:1160044272},)-|[TCP:load:__DNS_REQUEST__]-tamper{TCP:options-altchksumopt:corrupt}-|",1,[-10]
-10.0,"[TCP:options-altchksumopt:]-tamper{TCP:ack:replace:253256885}(duplicate,)-|[TCP:dataofs:12]-duplicate-|",1,[-10]
-10.0,[TCP:options-sackok::0]-drop-|[TCP:options-uto:164]-duplicate-|,1,[-10]
-10.0,"[TCP:options-altchksumopt:]-tamper{TCP:seq:replace:507678166}-|[TCP:options-altchksumopt:]-duplicate(,fragment{tcp:51:False:37})-|[TCP:seq:335780403]-tamper{TCP:options-uto:corrupt}-|",1,[-10]
-10.0,"[TCP:options-altchksumopt:]-tamper{TCP:options-wscale:corrupt}(duplicate(,duplicate),)-|[TCP:dport:53821]-tamper{TCP:flags:corrupt}-|",1,[-10]
-10.0,[TCP:chksum:58136:1]-tamper{TCP:options-nop:corrupt}-|[TCP:urgptr:18177]-duplicate-|,1,[-10]
-10.0,"[TCP:options-sackok::0]-tamper{TCP:window:replace:100}(duplicate(tamper{TCP:dport:corrupt},),)-|[TCP:seq:4134007953]-fragment{tcp:-1:True}-|",1,[-10]
-10.0,"[TCP:options-sackok:]-duplicate(tamper{TCP:seq:replace:2513476431},drop)-|[TCP:seq:4268656707:3]-fragment{tcp:-1:True}-|",1,[-10]
-10.0,[TCP:options-altchksumopt:]-tamper{TCP:options-altchksum:replace:221}-|[TCP:options-uto:194]-fragment{tcp:-1:True}-|,1,[-10]
-10.0,[TCP:options-eol:]-tamper{TCP:options-mss:replace:46268}-|[TCP:options-md5header:656bf865cb7ea96228f001ae2f0eba7d:4]-tamper{TCP:options-eol:replace:}-|,1,[-10]
-10.0,[TCP:options-nop:]-fragment{tcp:38:True:5}-|[TCP:load:__HTTP_REQUEST__]-tamper{TCP:options-uto:replace:220}-|,1,[-10]
-10.0,"[TCP:options-nop:]-fragment{tcp:-1:False:36}(,tamper{TCP:options-mss:corrupt})-|[TCP:sport:12333]-fragment{tcp:-1:False}-|",1,[-10]
-10.0,[TCP:options-nop:]-tamper{TCP:urgptr:replace:38540}-|[TCP:load:t7poxb2y3j]-duplicate-|,1,[-10]
-10.0,[TCP:options-sackok::0]-tamper{TCP:load:corrupt}-|[TCP:reserved:4]-tamper{TCP:window:corrupt}-|,1,[-10]
-10.0,[TCP:options-altchksumopt:]-fragment{tcp:-1:True:35}-|[TCP:ack:3440919290]-tamper{TCP:options-altchksum:replace:47}-|,1,[-10]
-10.0,[TCP:dport:50130:3]-duplicate-|,1,[-10]
-10.0,"[TCP:options-altchksumopt:]-tamper{TCP:seq:replace:2055476593}(tamper{TCP:sport:corrupt}(tamper{TCP:window:replace:120}(fragment{ip:-1:True:4}(duplicate(tamper{TCP:seq:corrupt},),),),),)-|[TCP:dport:52872]-duplicate-|",1,[-10]
-10.0,[TCP:flags:FSRAUCN]-tamper{TCP:options-mss:replace:560}-|,1,[-10]
-10.0,[TCP:options-altchksum:62]-tamper{TCP:options-wscale:corrupt}-|,1,[-10]
-10.0,[TCP:options-altchksumopt::0]-tamper{TCP:options-mss:replace:58191}-|[TCP:urgptr:5843:2]-fragment{tcp:-1:True}-|,1,[-10]
-10.0,"[TCP:options-nop:]-duplicate(tamper{TCP:options-sackok:corrupt},tamper{TCP:options-md5header:corrupt})-|[TCP:options-altchksum:147:0]-tamper{TCP:options-md5header:corrupt}-|",1,[-10]
-10.0,[TCP:options-sackok::0]-fragment{tcp:-1:False}-|[TCP:options-timestamp:1441379282]-tamper{TCP:ack:corrupt}-|,1,[-10]
-10.0,"[TCP:options-nop:]-tamper{TCP:options-md5header:corrupt}(duplicate,)-|[TCP:dataofs:11]-fragment{tcp:-1:False}-|",1,[-10]
-10.0,"[TCP:options-altchksumopt:]-duplicate(duplicate,)-|[TCP:sport:2438]-tamper{TCP:options-sack:replace:}-|",1,[-10]
-10.0,[TCP:options-eol:]-tamper{TCP:chksum:replace:47439}-|[TCP:window:140]-tamper{TCP:options-eol:corrupt}-|,1,[-10]
-10.0,[TCP:options-nop:]-duplicate-|[TCP:dport:51438:2]-duplicate-|,1,[-10]
-10.0,"[TCP:options-nop:]-tamper{TCP:dport:replace:57735}(duplicate(fragment{tcp:-1:True},tamper{TCP:options-eol:replace:}),)-|[TCP:options-altchksum:190]-tamper{TCP:options-eol:corrupt}-|",1,[-10]
-10.0,[TCP:options-altchksumopt:]-tamper{TCP:options-altchksumopt:corrupt}-|[TCP:dport:20502]-fragment{tcp:-1:False}-|,1,[-10]
-10.0,"[TCP:options-altchksumopt:]-tamper{TCP:seq:replace:2055476593}(tamper{TCP:sport:corrupt}(tamper{TCP:window:replace:120}(duplicate(,fragment{tcp:36:False:14}(duplicate,)),),),)-|[TCP:options-wscale:34]-duplicate-|",1,[-10]
-10.0,"[TCP:options-uto:94]-duplicate(drop,)-|[TCP:urgptr:24135]-tamper{TCP:options-md5header:replace:cb488dc50fa622f1f95661d59a4836bf}-|",1,[-10]
-10.0,[TCP:options-eol:]-tamper{TCP:options-sack:replace:}-|[TCP:options-wscale:63]-duplicate-|,1,[-10]
-10.0,"[TCP:options-nop:]-duplicate(drop,)-|[TCP:sport:15246]-tamper{TCP:ack:corrupt}-|",1,[-10]
-10.0,[TCP:options-nop:]-tamper{TCP:options-wscale:replace:123}-|[TCP:options-nop:]-fragment{tcp:-1:True}-|[TCP:load:__DNS_REQUEST__:2]-tamper{TCP:dport:replace:29261}-|,1,[-10]
-10.0,[TCP:options-md5header:3e7a889702d39ce7201ee7b33e5bd931]-fragment{tcp:-1:False}-|,1,[-10]
-10.0,"[TCP:options-altchksumopt:]-fragment{ip:-1:False:25}(tamper{TCP:dataofs:replace:1},)-|[TCP:options-timestamp:632028825]-fragment{tcp:-1:False}-|",1,[-10]
-10.0,"[TCP:options-altchksumopt:]-duplicate(tamper{TCP:load:replace:__DNS_REQUEST__},)-|[TCP:flags:S]-tamper{TCP:dport:corrupt}(duplicate(tamper{TCP:options-md5header:corrupt},),)-|[TCP:flags:SRU]-drop-|",1,[-10]
-10.0,"[TCP:options-eol:]-duplicate(tamper{TCP:options-uto:replace:32}(tamper{TCP:options-altchksumopt:corrupt}(tamper{TCP:seq:replace:35091509},),),tamper{TCP:options-wscale:corrupt})-|[TCP:options-altchksumopt:]-duplicate-|[TCP:options-mss:8406:0]-tamper{TCP:options-eol:corrupt}-|",1,[-10]
-10.0,[TCP:options-sack:]-tamper{TCP:reserved:corrupt}-|[TCP:options-md5header:dd402ee162c8b47a66df68669131cac4]-fragment{tcp:-1:True}-|,1,[-10]
-10.0,"[TCP:options-altchksumopt:]-duplicate(,duplicate(fragment{tcp:-1:True},duplicate))-|[TCP:sport:2869]-duplicate-|",1,[-10]
-10.0,"[TCP:options-altchksumopt:]-duplicate(tamper{TCP:urgptr:corrupt},duplicate)-|[TCP:options-mss:42732]-drop-|",1,[-10]
-10.0,[TCP:options-altchksumopt:]-|[TCP:options-eol:]-duplicate-|[TCP:seq:3105369179]-tamper{TCP:urgptr:corrupt}-|,1,[-10]
-10.0,"[TCP:options-altchksumopt:]-fragment{tcp:19:False:12}(fragment{tcp:-1:False},)-|[TCP:options-altchksum:131]-fragment{tcp:-1:False}-|",1,[-10]
-10.0,"[TCP:options-nop:]-duplicate(,tamper{TCP:reserved:corrupt}(fragment{tcp:-1:False},))-|[TCP:urgptr:41744]-tamper{TCP:load:replace:__DNS_REQUEST__}-|",1,[-10]
-10.0,[TCP:options-altchksumopt:]-tamper{TCP:dport:corrupt}-|[TCP:window:100]-tamper{TCP:options-uto:corrupt}-|,1,[-10]
-10.0,[TCP:options-nop:]-tamper{TCP:options-sack:corrupt}-|[TCP:options-sack:]-|[TCP:options-md5header:67768ef56c556ab31e0fa6829b2ce4db]-fragment{tcp:-1:True}-|,1,[-10]
-10.0,"[TCP:options-altchksumopt:]-fragment{ip:-1:True:29}(duplicate(duplicate,),)-|[TCP:options-mss:52464:4]-tamper{TCP:options-md5header:replace:d6395ca2251d93a87c60bdb17f62ec75}-|",1,[-10]
-10.0,[TCP:options-altchksumopt:]-fragment{tcp:-1:True}-|[TCP:urgptr:43258]-tamper{TCP:options-timestamp:corrupt}-|,1,[-10]
-10.0,"[TCP:options-nop:]-tamper{TCP:dport:replace:57735}(duplicate(,tamper{TCP:options-altchksumopt:replace:}),)-|[TCP:reserved:1:1]-duplicate-|",1,[-10]
-10.0,[TCP:sport:46470]-duplicate-|,1,[-10]
-10.0,[TCP:options-altchksum:29]-duplicate-|[TCP:options-altchksum:218:2]-duplicate-|,1,[-10]
-10.0,[TCP:options-timestamp:3308810486]-tamper{TCP:seq:corrupt}-|[TCP:chksum:41432]-duplicate-|,1,[-10]
-10.0,"[TCP:options-eol:]-tamper{TCP:options-uto:replace:32}(tamper{TCP:options-altchksumopt:corrupt}(duplicate,),)-|[TCP:chksum:54824]-tamper{TCP:dataofs:replace:3}-|",1,[-10]
-10.0,[TCP:options-altchksum:29]-duplicate-|[TCP:dataofs:11]-drop-|,1,[-10]
-10.0,[TCP:options-altchksum:82]-tamper{TCP:dataofs:corrupt}-|,1,[-10]
-10.0,[TCP:options-altchksumopt:]-tamper{TCP:options-uto:replace:4}-|[TCP:options-wscale:114]-tamper{TCP:dataofs:replace:13}-|,1,[-10]
-10.0,"[TCP:options-altchksumopt:]-fragment{tcp:-1:True}(tamper{TCP:ack:corrupt},)-|[TCP:reserved:5]-tamper{TCP:dport:replace:41130}-|",1,[-10]
-10.0,[TCP:options-altchksumopt:]-fragment{ip:-1:False:5}-|[TCP:reserved:7]-drop-|,1,[-10]
-10.0,[TCP:sport:23295]-fragment{tcp:-1:True}-|,1,[-10]
-10.0,"[TCP:options-eol:]-tamper{TCP:options-altchksumopt:corrupt}(tamper{TCP:seq:replace:35091509},)-|[TCP:options-uto:48]-tamper{TCP:seq:corrupt}-|",1,[-10]
-10.0,[TCP:options-sack:]-tamper{TCP:options-uto:replace:30}-|[TCP:reserved:2]-fragment{tcp:-1:True}-|,1,[-10]
-10.0,[TCP:ack:457221128]-drop-|,1,[-10]
-10.0,"[TCP:options-nop:]-fragment{tcp:-1:True}(fragment{tcp:46:True:23},)-|[TCP:seq:349725593]-duplicate-|",1,[-10]
-10.0,"[TCP:options-altchksumopt:]-duplicate-|[TCP:options-sack:]-tamper{TCP:options-md5header:replace:289352d78a28feb26de2a513167edd1b}(fragment{tcp:-1:True},)-|[TCP:dataofs:11]-fragment{tcp:-1:False}-|",1,[-10]
-10.0,"[TCP:options-sack:]-tamper{TCP:options-md5header:replace:289352d78a28feb26de2a513167edd1b}(tamper{TCP:flags:corrupt},)-|[TCP:options-altchksumopt:]-duplicate-|[TCP:options-uto:14:1]-tamper{TCP:options-mss:corrupt}-|",1,[-10]
-10.0,[TCP:ack:71078919]-duplicate-|,1,[-10]
-10.0,"[TCP:options-altchksumopt:]-tamper{TCP:options-nop:corrupt}(duplicate(,tamper{TCP:window:replace:120}(fragment{ip:-1:True:4}(duplicate(tamper{TCP:options-sack:corrupt},),),)),)-|[TCP:seq:2230359335]-drop-|",1,[-10]
-10.0,"[TCP:options-nop:]-tamper{TCP:options-timestamp:replace:3709407852}(tamper{TCP:flags:replace:SPUC}(duplicate,),)-|[TCP:options-sack:]-tamper{TCP:options-eol:replace:}(fragment{tcp:-1:False},)-|[TCP:options-timestamp:1249836542:2]-tamper{TCP:flags:corrupt}-|",1,[-10]
0.0,"[TCP:options-eol::3]-tamper{TCP:options-uto:corrupt}(tamper{TCP:options-wscale:corrupt},)-|",1,[0]
0.0,"[TCP:options-nop::1]-tamper{TCP:window:replace:10}(tamper{TCP:ack:corrupt},)-|",1,[0]
0.0,"[TCP:options-altchksumopt:]-duplicate(tamper{TCP:options-altchksum:corrupt},)-|",1,[0]
0.0,"[TCP:options-eol:]-tamper{TCP:ack:replace:693144153}(tamper{TCP:load:replace:dosbe06i2o},)-|[TCP:options-sackok::1]-tamper{TCP:options-eol:replace:}-|",1,[0]
0.0,[TCP:options-nop:]-tamper{TCP:urgptr:replace:37477}-|,1,[0]
0.0,"[TCP:options-sack:]-tamper{TCP:urgptr:corrupt}(duplicate,)-|",1,[0]
0.0,[TCP:options-md5header:a5d7ad2b0a3475ecc38e51ce296c8b7d]-|,1,[0]
0.0,"[TCP:options-sackok:]-fragment{tcp:-1:True}(tamper{TCP:options-wscale:corrupt},)-|[TCP:options-eol::1]-duplicate-|",1,[0]
0.0,[TCP:sport:1889]-|,1,[0]
0.0,"[TCP:options-nop:]-tamper{TCP:options-sack:corrupt}(tamper{TCP:options-mss:replace:998},)-|",1,[0]
0.0,"[TCP:options-nop:]-duplicate(tamper{TCP:load:replace:__DNS_REQUEST__},)-|",1,[0]
0.0,"[TCP:options-nop:]-fragment{tcp:-1:True}(tamper{TCP:dport:corrupt},duplicate)-|",1,[0]
0.0,[TCP:options-sack::2]-fragment{tcp:-1:True}-|,1,[0]
0.0,[TCP:chksum:1147]-|,1,[0]
0.0,[TCP:options-md5header:b1bbf2b73fda015618627d47facad910:0]-|,1,[0]
0.0,"[TCP:options-altchksumopt:]-duplicate(tamper{TCP:options-wscale:replace:131}(fragment{tcp:25:True},),)-|",1,[0]
0.0,[TCP:dport:57011]-|,1,[0]
0.0,[TCP:seq:4190712987]-|,1,[0]
0.0,"[TCP:options-altchksumopt::2]-tamper{TCP:options-sackok:replace:}(duplicate(,fragment{tcp:-1:True}),)-|",1,[0]
0.0,"[TCP:reserved:0]-tamper{TCP:sport:replace:6256}(duplicate,)-|",1,[0]
0.0,"[TCP:options-sack:]-fragment{tcp:-1:True}(tamper{TCP:options-mss:corrupt}(tamper{TCP:load:corrupt},),)-|",1,[0]
0.0,[TCP:load:75eevtfqr5]-|,1,[0]
0.0,"[TCP:options-nop:]-tamper{TCP:options-sack:corrupt}(tamper{TCP:options-mss:replace:998}(tamper{TCP:options-altchksum:replace:59},),)-|",1,[0]
0.0,"[TCP:options-altchksumopt::1]-tamper{TCP:seq:replace:3647036025}(duplicate(,fragment{tcp:-1:True}),)-|",1,[0]
0.0,"[TCP:options-nop::0]-tamper{TCP:options-sack:replace:}(tamper{TCP:ack:corrupt},)-|",1,[0]
0.0,[TCP:options-sackok:]-tamper{TCP:dataofs:replace:3}-|,1,[0]
0.0,"[TCP:options-nop:]-tamper{TCP:chksum:corrupt}(tamper{TCP:options-mss:replace:998},)-|",1,[0]
0.0,"[TCP:options-nop:]-duplicate(,tamper{TCP:load:replace:__DNS_REQUEST__})-|",1,[0]
0.0,"[TCP:options-nop::0]-tamper{TCP:flags:replace:P}(tamper{TCP:ack:corrupt},)-|",1,[0]
0.0,"[TCP:options-nop:]-duplicate(tamper{TCP:reserved:replace:2}(tamper{TCP:ack:corrupt},),)-|",1,[0]
0.0,"[TCP:options-nop:]-duplicate(tamper{TCP:seq:replace:3891749500},)-|",1,[0]
0.0,"[TCP:options-altchksumopt:]-tamper{TCP:seq:replace:2055476593}(tamper{TCP:dataofs:corrupt}(tamper{TCP:window:replace:120},),)-|",1,[0]
0.0,[TCP:options-sackok::0]-fragment{tcp:-1:True}-|,1,[0]
0.0,"[TCP:options-altchksumopt:]-tamper{TCP:flags:corrupt}(tamper{TCP:window:replace:120},)-|",1,[0]
0.0,[TCP:options-sackok:]-tamper{TCP:options-wscale:corrupt}-|[TCP:options-eol::0]-duplicate-|,1,[0]
0.0,"[TCP:options-altchksumopt:]-duplicate(,tamper{TCP:options-wscale:replace:131}(fragment{tcp:25:True},))-|",1,[0]
0.0,[TCP:options-sack:]-tamper{TCP:options-altchksum:replace:149}-|,1,[0]
0.0,"[TCP:options-altchksumopt:]-tamper{TCP:seq:replace:2055476593}(tamper{TCP:flags:corrupt}(tamper{TCP:options-md5header:replace:8bb7d8c04b7415279292e4870feef5ee},),)-|",1,[0]
0.0,[TCP:options-eol::2]-tamper{TCP:options-wscale:corrupt}-|,1,[0]
0.0,[TCP:options-eol:]-tamper{TCP:dport:replace:5349}-|,1,[0]
0.0,[TCP:options-sack::1]-fragment{tcp:38:True:27}-|,1,[0]
0.0,"[TCP:options-eol:]-duplicate(tamper{TCP:options-timestamp:replace:1286865861},tamper{TCP:options-md5header:replace:af96078d9e3bee88a0b6b34555e2be92})-|",1,[0]
0.0,[TCP:flags:FSRPAUEC]-|,1,[0]
0.0,[TCP:flags:FAUEN]-|,1,[0]
0.0,"[TCP:options-altchksumopt:]-tamper{TCP:seq:replace:2055476593}(tamper{TCP:flags:corrupt}(tamper{TCP:window:replace:120}(fragment{tcp:-1:False},),),)-|",1,[0]
0.0,"[TCP:options-altchksumopt:]-tamper{TCP:seq:replace:2055476593}(tamper{TCP:flags:corrupt}(tamper{TCP:window:corrupt},),)-|",1,[0]
0.0,"[TCP:options-altchksumopt:]-duplicate(tamper{TCP:options-wscale:replace:131}(fragment{tcp:25:True},),tamper{TCP:options-nop:corrupt})-|",1,[0]
0.0,[TCP:options-eol::2]-duplicate-|,1,[0]
0.0,"[TCP:options-altchksumopt:]-duplicate(tamper{TCP:sport:corrupt},)-|",1,[0]
0.0,"[TCP:options-nop:]-duplicate(fragment{tcp:-1:True}(duplicate(duplicate,),),)-|",1,[0]
0.0,[TCP:options-sackok:]-tamper{TCP:options-mss:replace:20999}-|,1,[0]
0.0,"[TCP:options-altchksumopt:]-duplicate(tamper{TCP:options-altchksum:corrupt},fragment{tcp:-1:False})-|",1,[0]
0.0,[TCP:options-nop:]-tamper{TCP:seq:replace:3394521885}-|,1,[0]
0.0,"[TCP:options-nop:]-duplicate(duplicate,)-|[TCP:options-sackok::2]-tamper{TCP:seq:corrupt}-|",1,[0]
0.0,[TCP:options-nop:]-tamper{TCP:options-md5header:replace:5c1dfdd1c865342e1b1ae29d51fa3655}-|,1,[0]
0.0,[TCP:options-nop:]-tamper{TCP:dport:corrupt}-|,1,[0]
0.0,"[TCP:options-nop:]-duplicate(,fragment{tcp:-1:False})-|",1,[0]
0.0,"[TCP:options-altchksumopt:]-tamper{TCP:seq:replace:2055476593}(tamper{TCP:options-timestamp:corrupt}(tamper{TCP:window:replace:120},),)-|",1,[0]
0.0,[TCP:options-sack::1]-fragment{ip:45:False}-|,1,[0]
0.0,[TCP:options-altchksumopt:]-tamper{TCP:options-mss:corrupt}-|,1,[0]
0.0,[TCP:options-sack:]-tamper{TCP:reserved:corrupt}-|,1,[0]
0.0,"[TCP:options-nop:]-fragment{tcp:-1:True}(,duplicate)-|",1,[0]
0.0,"[TCP:options-sack:]-tamper{TCP:window:corrupt}(duplicate,)-|",1,[0]
0.0,"[TCP:options-altchksumopt:]-tamper{TCP:options-mss:replace:23437}(duplicate(duplicate,tamper{TCP:chksum:corrupt}),)-|",1,[0]
0.0,[TCP:reserved:0]-fragment{tcp:-1:True}-|,1,[0]
0.0,"[TCP:options-altchksumopt:]-tamper{TCP:options-mss:replace:23437}(duplicate,)-|",1,[0]
0.0,"[TCP:options-sack:]-duplicate(tamper{TCP:options-timestamp:replace:1214218823},)-|",1,[0]
0.0,"[TCP:options-altchksumopt:]-tamper{TCP:options-wscale:replace:131}(fragment{tcp:25:True},)-|",1,[0]
0.0,[TCP:options-sack:]-tamper{TCP:reserved:replace:1}-|,1,[0]
0.0,"[TCP:options-nop:]-duplicate(tamper{TCP:seq:replace:3645343394},)-|",1,[0]
0.0,[TCP:options-sackok:]-tamper{TCP:flags:corrupt}-|,1,[0]
0.0,"[TCP:options-eol:]-tamper{TCP:load:replace:dosbe06i2o}-|[TCP:options-sackok::0]-tamper{TCP:options-eol:replace:}(duplicate,)-|",1,[0]
0.0,"[TCP:options-sackok:]-fragment{tcp:-1:True}(tamper{TCP:options-uto:corrupt},)-|",1,[0]
0.0,"[TCP:options-altchksumopt:]-duplicate(tamper{TCP:options-uto:corrupt},tamper{TCP:seq:corrupt})-|",1,[0]
0.0,"[TCP:options-sackok::0]-duplicate(,duplicate)-|[TCP:options-eol:]-fragment{tcp:-1:True}-|",1,[0]
0.0,"[TCP:options-eol:]-tamper{TCP:flags:replace:SPAUC}(tamper{TCP:load:replace:dosbe06i2o},)-|[TCP:options-sackok::0]-tamper{TCP:load:replace:}-|",1,[0]
0.0,"[TCP:options-eol:]-duplicate(,tamper{TCP:options-timestamp:replace:1286865861})-|",1,[0]
0.0,[TCP:options-altchksumopt::2]-tamper{TCP:options-nop:replace:}-|,1,[0]
0.0,[TCP:options-nop:]-tamper{TCP:options-altchksum:replace:231}-|,1,[0]
0.0,"[TCP:options-altchksumopt:]-tamper{TCP:options-altchksum:corrupt}(tamper{TCP:load:replace:__DNS_REQUEST__},)-|",1,[0]
0.0,"[TCP:options-altchksumopt:]-tamper{TCP:flags:corrupt}(tamper{TCP:options-altchksum:replace:114},)-|",1,[0]
0.0,"[TCP:options-altchksumopt::1]-tamper{TCP:options-sackok:replace:}(duplicate(fragment{tcp:-1:True},),)-|",1,[0]
0.0,[TCP:options-sack::1]-tamper{TCP:sport:replace:6256}-|,1,[0]
0.0,"[TCP:options-nop::0]-tamper{TCP:window:replace:10}(tamper{TCP:ack:corrupt}(tamper{TCP:dport:replace:23299},),)-|",1,[0]
0.0,"[TCP:options-eol::2]-tamper{TCP:options-uto:corrupt}(tamper{TCP:seq:corrupt},)-|",1,[0]
0.0,"[TCP:options-eol:]-tamper{TCP:ack:replace:693144153}(tamper{TCP:load:replace:dosbe06i2o},)-|[TCP:options-sackok::0]-tamper{TCP:options-eol:replace:}-|",1,[0]
0.0,[TCP:options-sack::1]-fragment{tcp:-1:False:38}-|,1,[0]
0.0,[TCP:options-sack:]-tamper{TCP:sport:replace:26731}-|,1,[0]
0.0,[TCP:urgptr:15195]-|,1,[0]
0.0,[TCP:options-nop::0]-tamper{TCP:options-mss:replace:998}-|,1,[0]
0.0,"[TCP:options-nop:]-tamper{TCP:options-sack:corrupt}(tamper{TCP:options-altchksum:corrupt},)-|",1,[0]
0.0,[TCP:options-sackok:]-tamper{TCP:ack:replace:1457491038}-|,1,[0]
0.0,"[TCP:options-nop:]-duplicate(duplicate,)-|[TCP:options-nop:]-fragment{tcp:-1:True}-|",1,[0]
0.0,[TCP:options-sackok:]-tamper{TCP:reserved:replace:1}-|,1,[0]
0.0,[TCP:options-nop:]-duplicate-|[TCP:options-nop:]-fragment{tcp:-1:True:5}-|,1,[0]
0.0,[TCP:ack:2005227726:1]-fragment{tcp:-1:True}-|,1,[0]
0.0,"[TCP:options-sack:]-duplicate(,duplicate(duplicate,))-|",1,[0]
0.0,"[TCP:options-altchksumopt:]-tamper{TCP:seq:replace:2055476593}(tamper{TCP:options-timestamp:corrupt}(tamper{TCP:window:corrupt},),)-|",1,[0]
0.0,[TCP:options-eol:]-tamper{TCP:load:replace:dosbe06i2o}-|,1,[0]
0.0,[TCP:options-eol:]-fragment{tcp:53:True}-|,1,[0]
0.0,[TCP:options-eol::1]-tamper{TCP:dataofs:corrupt}-|,1,[0]
0.0,[TCP:options-altchksumopt:]-tamper{TCP:options-mss:replace:23437}-|,1,[0]
0.0,"[TCP:options-nop:]-duplicate(,tamper{TCP:load:corrupt})-|",1,[0]
0.0,"[TCP:options-altchksumopt::0]-tamper{TCP:options-sackok:replace:}(fragment{tcp:-1:True},)-|",1,[0]
0.0,[TCP:options-sack::0]-fragment{tcp:-1:False}-|,1,[0]
0.0,"[TCP:options-eol:]-duplicate(,tamper{TCP:urgptr:replace:14140})-|",1,[0]
0.0,[TCP:options-eol:]-tamper{TCP:load:replace:dosbe06i2o}-|[TCP:options-sackok::0]-tamper{TCP:options-eol:replace:}-|,1,[0]
0.0,"[TCP:options-nop:]-duplicate(tamper{TCP:reserved:replace:5},tamper{TCP:options-wscale:corrupt})-|",1,[0]
0.0,[TCP:options-sack::0]-fragment{tcp:35:False:27}-|,1,[0]
0.0,"[TCP:options-altchksumopt:]-tamper{TCP:flags:corrupt}(tamper{TCP:options-altchksum:replace:114},)-|[TCP:options-nop:]-duplicate-|",1,[0]
0.0,[TCP:options-sackok::1]-tamper{TCP:dataofs:corrupt}-|,1,[0]
0.0,"[TCP:options-altchksumopt:]-tamper{TCP:flags:corrupt}(tamper{TCP:window:replace:120}(fragment{tcp:-1:True},),)-|",1,[0]
0.0,"[TCP:options-altchksumopt:]-tamper{TCP:seq:replace:2055476593}(duplicate(tamper{TCP:options-uto:replace:92},),)-|",1,[0]
0.0,"[TCP:options-sack:]-duplicate(,tamper{TCP:chksum:corrupt}(tamper{TCP:window:replace:120},))-|",1,[0]
0.0,"[TCP:options-nop:]-duplicate(tamper{TCP:reserved:replace:5},)-|[TCP:options-nop:]-tamper{TCP:ack:corrupt}-|",1,[0]
0.0,"[TCP:options-sackok:]-tamper{TCP:options-mss:replace:20999}(fragment{tcp:-1:False},)-|",1,[0]
0.0,"[TCP:options-altchksumopt:]-tamper{TCP:options-timestamp:corrupt}(tamper{TCP:ack:corrupt},)-|",1,[0]
0.0,"[TCP:options-nop::0]-tamper{TCP:options-altchksum:replace:92}(tamper{TCP:window:replace:120},)-|",1,[0]
0.0,"[TCP:options-sackok::1]-tamper{TCP:seq:corrupt}(tamper{TCP:options-uto:replace:43},)-|",1,[0]
0.0,"[TCP:options-sack:]-|[TCP:options-nop:]-duplicate(duplicate,)-|",1,[0]
0.0,"[TCP:options-nop:]-duplicate(,tamper{TCP:sport:replace:57154})-|",1,[0]
0.0,"[TCP:options-altchksumopt:]-duplicate(fragment{tcp:13:False},duplicate)-|[TCP:options-timestamp:115936505]-fragment{tcp:-1:True}-|",1,[0]
0.0,[TCP:options-sack:]-tamper{TCP:options-nop:corrupt}-|,1,[0]
0.0,"[TCP:options-sack::0]-tamper{TCP:sport:replace:6256}(tamper{TCP:dataofs:corrupt},)-|",1,[0]
0.0,"[TCP:options-altchksumopt:]-duplicate(tamper{TCP:options-uto:corrupt},tamper{TCP:seq:corrupt}(tamper{TCP:options-wscale:corrupt},))-|",1,[0]
0.0,[TCP:options-sack::0]-fragment{tcp:18:False:27}-|,1,[0]
0.0,"[TCP:options-altchksumopt::0]-tamper{TCP:seq:replace:3647036025}(duplicate(,fragment{tcp:-1:True}(,fragment{tcp:-1:True})),)-|",1,[0]
0.0,[TCP:options-sackok:]-tamper{TCP:options-mss:corrupt}-|,1,[0]
0.0,[TCP:options-sackok:]-tamper{TCP:options-altchksumopt:corrupt}-|,1,[0]
0.0,"[TCP:options-nop:]-tamper{TCP:options-nop:replace:}(duplicate,)-|",1,[0]
0.0,[TCP:options-sack:]-tamper{TCP:window:replace:30}-|,1,[0]
0.0,[TCP:options-sackok:]-fragment{tcp:45:True}-|[TCP:options-eol::0]-duplicate-|,1,[0]
0.0,"[TCP:options-altchksumopt:]-duplicate(tamper{TCP:dport:corrupt},)-|",1,[0]
0.0,"[TCP:options-nop:]-tamper{TCP:chksum:corrupt}(tamper{TCP:dataofs:replace:8},)-|",1,[0]
0.0,"[TCP:options-eol::0]-duplicate(drop,)-|",1,[0]
0.0,"[TCP:options-sack:]-tamper{TCP:reserved:corrupt}(tamper{TCP:window:replace:70},)-|",1,[0]
0.0,"[TCP:options-eol:]-tamper{TCP:ack:corrupt}(tamper{TCP:load:replace:dosbe06i2o},)-|[TCP:options-sackok::0]-tamper{TCP:options-md5header:replace:227a33716cdf15a52f6df34d652e4862}-|",1,[0]
0.0,"[TCP:options-altchksumopt:]-duplicate(,tamper{TCP:options-wscale:corrupt}(fragment{tcp:25:True},))-|",1,[0]
0.0,"[TCP:options-altchksumopt:]-duplicate(,tamper{TCP:options-wscale:replace:131}(fragment{tcp:-1:True:35},))-|",1,[0]
0.0,"[TCP:options-altchksumopt:]-tamper{TCP:ack:replace:1657669217}(tamper{TCP:window:replace:120},)-|",1,[0]
0.0,[TCP:options-nop:]-fragment{tcp:-1:False}-|,1,[0]
0.0,"[TCP:options-nop:]-duplicate(duplicate,)-|[TCP:options-sack:]-tamper{TCP:sport:replace:26731}-|",1,[0]
0.0,[TCP:sport:55299]-fragment{tcp:-1:True}-|,1,[0]
0.0,"[TCP:options-nop:]-duplicate(duplicate,)-|[TCP:options-nop:]-fragment{tcp:-1:False:5}-|",1,[0]
0.0,"[TCP:options-eol:]-tamper{TCP:load:replace:dosbe06i2o}(tamper{TCP:options-mss:replace:9954},)-|[TCP:options-sackok::0]-tamper{TCP:dport:replace:39951}(duplicate,)-|",1,[0]
0.0,"[TCP:options-sackok:]-duplicate(tamper{TCP:options-mss:corrupt},fragment{tcp:-1:False})-|",1,[0]
0.0,[TCP:ack:3096285970]-tamper{TCP:options-eol:corrupt}-|,1,[0]
0.0,"[TCP:options-nop:]-tamper{TCP:reserved:corrupt}(tamper{TCP:options-altchksum:corrupt},)-|",1,[0]
0.0,"[TCP:options-sack:]-duplicate(tamper{TCP:options-altchksumopt:corrupt},)-|",1,[0]
0.0,"[TCP:options-altchksumopt:]-tamper{TCP:dataofs:corrupt}(tamper{TCP:window:replace:120},)-|",1,[0]
0.0,[TCP:options-nop:]-tamper{TCP:options-mss:replace:998}-|,1,[0]
0.0,"[TCP:reserved:0]-duplicate(duplicate,)-|",1,[0]
0.0,"[TCP:options-altchksumopt:]-duplicate(tamper{TCP:options-nop:replace:},tamper{TCP:options-uto:corrupt})-|",1,[0]
0.0,"[TCP:reserved:0]-duplicate(,fragment{tcp:-1:False})-|",1,[0]
0.0,"[TCP:options-nop:]-duplicate(duplicate,)-|[TCP:options-sackok::1]-|",1,[0]
0.0,[TCP:dataofs:5]-tamper{TCP:options-eol:corrupt}-|,1,[0]
0.0,"[TCP:options-nop::0]-tamper{TCP:options-sack:replace:}(tamper{TCP:ack:corrupt}(tamper{TCP:options-md5header:replace:345d489c13f2d043d61275fc16b51f11},),)-|",1,[0]
0.0,"[TCP:options-altchksumopt:]-tamper{TCP:seq:replace:2055476593}(tamper{TCP:options-sackok:corrupt}(tamper{TCP:window:replace:120},),)-|",1,[0]
0.0,"[TCP:options-altchksumopt:]-tamper{TCP:options-mss:replace:23437}(duplicate(fragment{tcp:-1:True},duplicate),)-|",1,[0]
0.0,"[TCP:options-altchksumopt::0]-tamper{TCP:options-sackok:replace:}(duplicate(fragment{tcp:-1:True}(,tamper{TCP:options-uto:replace:66}),),)-|",1,[0]
0.0,"[TCP:options-altchksumopt:]-tamper{TCP:options-mss:replace:23437}(duplicate(drop,duplicate),)-|",1,[0]
0.0,[TCP:options-sack:]-tamper{TCP:options-altchksum:replace:214}-|,1,[0]
0.0,[TCP:options-sackok:]-tamper{TCP:seq:corrupt}-|,1,[0]
0.0,"[TCP:options-altchksumopt:]-tamper{TCP:seq:replace:2055476593}(tamper{TCP:flags:corrupt}(tamper{TCP:options-uto:replace:204}(fragment{tcp:-1:True},),),)-|",1,[0]
0.0,"[TCP:options-altchksumopt:]-tamper{TCP:seq:replace:2055476593}(tamper{TCP:window:replace:120}(tamper{TCP:options-md5header:corrupt},),)-|",1,[0]
0.0,[TCP:window:180]-tamper{TCP:dport:corrupt}-|,1,[0]
0.0,"[TCP:options-nop::0]-tamper{TCP:options-sack:replace:}(tamper{TCP:ack:replace:81358098},)-|",1,[0]
0.0,"[TCP:options-altchksumopt:]-duplicate(tamper{TCP:sport:replace:42317},)-|",1,[0]
0.0,"[TCP:options-sackok:]-tamper{TCP:options-wscale:corrupt}-|[TCP:options-eol::0]-duplicate(tamper{TCP:dport:corrupt},)-|",1,[0]
0.0,[TCP:options-eol::1]-tamper{TCP:options-uto:corrupt}-|,1,[0]
0.0,"[TCP:options-sack:]-duplicate(duplicate,)-|",1,[0]
0.0,"[TCP:options-altchksumopt:]-tamper{TCP:options-altchksum:corrupt}(tamper{TCP:load:replace:__DNS_REQUEST__}(tamper{TCP:options-sack:corrupt},),)-|",1,[0]
0.0,[TCP:options-nop:]-tamper{TCP:sport:replace:59949}-|,1,[0]
0.0,"[TCP:options-altchksumopt:]-tamper{TCP:seq:replace:2055476593}(tamper{TCP:dataofs:corrupt},)-|",1,[0]
0.0,"[TCP:options-nop:]-tamper{TCP:options-sackok:corrupt}(tamper{TCP:options-mss:replace:998},)-|",1,[0]
0.0,[TCP:options-nop:]-duplicate-|[TCP:options-sackok::1]-tamper{TCP:ack:corrupt}-|,1,[0]
0.0,"[TCP:options-altchksumopt:]-tamper{TCP:load:corrupt}(tamper{TCP:load:replace:__DNS_REQUEST__},)-|",1,[0]
0.0,"[TCP:options-altchksumopt:]-duplicate(,tamper{TCP:seq:corrupt})-|",1,[0]
0.0,[TCP:options-sackok:]-tamper{TCP:options-nop:replace:}-|,1,[0]
0.0,[TCP:options-nop:]-tamper{TCP:seq:replace:3891749500}-|,1,[0]
0.0,"[TCP:options-nop:]-duplicate(duplicate,fragment{tcp:-1:False})-|",1,[0]
0.0,[TCP:options-eol:]-fragment{tcp:40:True:20}-|,1,[0]
0.0,[TCP:options-nop:]-tamper{TCP:options-md5header:corrupt}-|,1,[0]
0.0,[TCP:options-altchksumopt:]-fragment{tcp:-1:False:29}-|,1,[0]
0.0,[TCP:options-sack::0]-fragment{ip:45:False}-|[TCP:options-altchksumopt:]-drop-|,1,[0]
0.0,[TCP:reserved:0]-fragment{tcp:-1:False:22}-|,1,[0]
0.0,"[TCP:options-nop:]-tamper{TCP:options-timestamp:corrupt}(tamper{TCP:options-mss:replace:998},)-|",1,[0]
0.0,"[TCP:options-altchksumopt:]-duplicate(,tamper{TCP:options-wscale:replace:131})-|",1,[0]
0.0,"[TCP:options-altchksumopt:]-tamper{TCP:seq:replace:2055476593}(tamper{TCP:dataofs:corrupt}(tamper{TCP:window:replace:120}(tamper{TCP:options-nop:replace:},),),)-|",1,[0]
0.0,[TCP:chksum:24934]-duplicate-|,1,[0]
0.0,"[TCP:options-altchksumopt:]-tamper{TCP:seq:replace:2055476593}(tamper{TCP:flags:corrupt}(tamper{TCP:window:replace:120}(fragment{tcp:-1:False}(duplicate,),),),)-|",1,[0]
0.0,[TCP:options-sack:]-tamper{TCP:window:corrupt}-|,1,[0]
0.0,"[TCP:options-eol:]-fragment{tcp:-1:True}(tamper{TCP:dataofs:corrupt},)-|",1,[0]
0.0,"[TCP:options-eol:]-tamper{TCP:ack:replace:693144153}(tamper{TCP:flags:replace:SA},)-|[TCP:options-sackok::0]-tamper{TCP:load:replace:__DNS_REQUEST__}-|",1,[0]
0.0,"[TCP:options-altchksumopt:]-tamper{TCP:options-nop:replace:}(tamper{TCP:flags:corrupt}(tamper{TCP:options-md5header:replace:8bb7d8c04b7415279292e4870feef5ee},),)-|",1,[0]
0.0,[TCP:options-timestamp:842355070]-tamper{TCP:reserved:corrupt}-|,1,[0]
0.0,"[TCP:options-altchksumopt:]-duplicate(,fragment{tcp:25:True})-|",1,[0]
0.0,[TCP:options-altchksum:138:1]-tamper{TCP:reserved:corrupt}-|,1,[0]
0.0,[TCP:options-eol::1]-tamper{TCP:load:corrupt}-|,1,[0]
0.0,"[TCP:options-altchksumopt:]-duplicate(tamper{TCP:options-altchksum:corrupt},fragment{ip:-1:False})-|",1,[0]
0.0,"[TCP:options-altchksumopt:]-tamper{TCP:seq:replace:2055476593}(tamper{TCP:options-uto:replace:154},)-|",1,[0]
0.0,"[TCP:options-nop::0]-tamper{TCP:load:replace:}(tamper{TCP:ack:corrupt}(tamper{TCP:options-md5header:replace:345d489c13f2d043d61275fc16b51f11},),)-|",1,[0]
0.0,"[TCP:options-altchksumopt:]-duplicate(,tamper{TCP:options-wscale:corrupt}(fragment{tcp:25:True}(tamper{TCP:dport:corrupt},),))-|",1,[0]
0.0,"[TCP:options-nop:]-fragment{tcp:-1:False}(fragment{tcp:-1:False},)-|",1,[0]
0.0,"[TCP:options-altchksumopt:]-tamper{TCP:seq:replace:2055476593}(tamper{TCP:options-uto:corrupt}(tamper{TCP:window:replace:120},),)-|",1,[0]
0.0,"[TCP:options-sackok:]-duplicate(,tamper{TCP:urgptr:corrupt})-|[TCP:options-eol::0]-duplicate-|",1,[0]
0.0,"[TCP:options-sackok::0]-tamper{TCP:seq:corrupt}(tamper{TCP:options-uto:replace:43}(tamper{TCP:chksum:corrupt},),)-|",1,[0]
0.0,[TCP:options-altchksumopt:]-fragment{tcp:6:False}-|,1,[0]
0.0,"[TCP:options-altchksumopt:]-tamper{TCP:dport:corrupt}(fragment{tcp:-1:True},)-|",1,[0]
0.0,[TCP:options-altchksumopt:]-fragment{tcp:13:False}-|[TCP:options-nop:]-fragment{tcp:-1:True}-|,1,[0]
0.0,[TCP:options-altchksumopt:]-tamper{TCP:options-sack:corrupt}-|,1,[0]
0.0,"[TCP:options-altchksumopt:]-tamper{TCP:seq:corrupt}(tamper{TCP:dataofs:corrupt},)-|",1,[0]
0.0,[TCP:ack:2005227726:1]-fragment{ip:2:False}-|,1,[0]
0.0,[TCP:options-sack::0]-fragment{tcp:-1:True}-|,1,[0]
0.0,"[TCP:options-altchksumopt:]-duplicate(,tamper{TCP:options-uto:corrupt}(tamper{TCP:window:replace:120},))-|",1,[0]
0.0,"[TCP:options-sack:]-duplicate(,tamper{TCP:options-altchksumopt:corrupt}(duplicate,))-|",1,[0]
0.0,"[TCP:options-altchksumopt:]-tamper{TCP:options-mss:corrupt}(duplicate(fragment{tcp:-1:True},duplicate),)-|",1,[0]
0.0,[TCP:options-altchksumopt:]-tamper{TCP:dport:replace:57342}-|,1,[0]
0.0,"[TCP:options-altchksumopt:]-duplicate(,fragment{tcp:-1:True:35})-|",1,[0]
0.0,"[TCP:options-altchksumopt:]-tamper{TCP:dataofs:replace:3}(duplicate(tamper{TCP:options-uto:replace:92},),)-|",1,[0]
0.0,"[TCP:options-nop:]-duplicate(tamper{TCP:load:corrupt},)-|",1,[0]
0.0,"[TCP:options-altchksumopt:]-tamper{TCP:seq:replace:2055476593}(tamper{TCP:sport:corrupt}(tamper{TCP:window:replace:120},),)-|",1,[0]
0.0,"[TCP:options-altchksumopt:]-duplicate(tamper{TCP:dport:replace:34666},)-|",1,[0]
0.0,"[TCP:options-eol:]-tamper{TCP:load:replace:dosbe06i2o}(tamper{TCP:options-mss:replace:9954},)-|",1,[0]
0.0,"[TCP:options-nop:]-duplicate(,tamper{TCP:sport:replace:57154}(fragment{tcp:-1:True},))-|",1,[0]
0.0,"[TCP:options-timestamp:4217481651]-duplicate(,tamper{TCP:sport:replace:57154})-|",1,[0]
0.0,"[TCP:reserved:0]-duplicate(,duplicate)-|",1,[0]
0.0,[TCP:options-nop::0]-|[TCP:options-sackok:]-duplicate-|,1,[0]
0.0,"[TCP:options-altchksumopt:]-tamper{TCP:dataofs:corrupt}(tamper{TCP:window:replace:90},)-|",1,[0]
0.0,[TCP:options-altchksum:138:1]-tamper{TCP:reserved:corrupt}-|[TCP:options-nop:]-fragment{tcp:-1:True}-|,1,[0]
0.0,[TCP:options-sackok:]-tamper{TCP:sport:replace:2779}-|,1,[0]
0.0,"[TCP:options-sack:]-duplicate(,duplicate(,duplicate))-|",1,[0]
0.0,"[TCP:options-altchksumopt:]-tamper{TCP:options-altchksumopt:corrupt}(tamper{TCP:options-nop:replace:},)-|",1,[0]
0.0,"[TCP:options-altchksumopt:]-fragment{tcp:-1:False:29}(duplicate,)-|",1,[0]
0.0,[TCP:options-altchksumopt::0]-tamper{TCP:options-sackok:replace:}-|,1,[0]
0.0,"[TCP:options-sack::0]-tamper{TCP:urgptr:replace:32984}(duplicate,)-|",1,[0]
0.0,"[TCP:options-nop:]-duplicate(duplicate,)-|[TCP:options-sack:]-tamper{TCP:dport:replace:44227}-|",1,[0]
0.0,"[TCP:options-altchksumopt:]-tamper{TCP:ack:replace:1657669217}(tamper{TCP:options-nop:replace:},)-|",1,[0]
0.0,"[TCP:options-altchksumopt:]-tamper{TCP:seq:replace:2055476593}(tamper{TCP:flags:corrupt}(fragment{tcp:-1:False}(duplicate,),),)-|",1,[0]
0.0,[TCP:options-nop:]-tamper{TCP:options-timestamp:replace:2933900262}-|,1,[0]
0.0,"[TCP:options-altchksumopt:]-tamper{TCP:window:corrupt}(tamper{TCP:ack:corrupt},)-|",1,[0]
0.0,"[TCP:options-nop:]-tamper{TCP:options-wscale:corrupt}(fragment{tcp:-1:True},)-|",1,[0]
0.0,"[TCP:options-altchksumopt:]-fragment{tcp:-1:False:29}(tamper{TCP:options-sackok:replace:},)-|",1,[0]
0.0,[TCP:options-nop:]-tamper{TCP:seq:replace:3891749500}-|[TCP:options-altchksumopt:]-fragment{tcp:-1:False}-|,1,[0]
0.0,[TCP:options-altchksumopt:]-tamper{TCP:options-altchksum:replace:114}-|[TCP:options-nop:]-duplicate-|,1,[0]
0.0,[TCP:options-nop:]-tamper{TCP:ack:replace:1748101194}-|,1,[0]
0.0,"[TCP:options-altchksumopt:]-duplicate(,tamper{TCP:options-uto:corrupt}(duplicate,))-|",1,[0]
0.0,"[TCP:options-altchksumopt:]-tamper{TCP:seq:replace:2055476593}(tamper{TCP:flags:corrupt}(tamper{TCP:dataofs:replace:5}(fragment{tcp:-1:True},),),)-|",1,[0]
0.0,[TCP:options-sack:]-tamper{TCP:dport:corrupt}-|,1,[0]
0.0,[TCP:options-nop:]-|[TCP:options-nop:]-fragment{tcp:-1:False:5}-|,1,[0]
0.0,[TCP:options-altchksum:138:1]-tamper{TCP:seq:corrupt}-|,1,[0]
0.0,[TCP:options-altchksumopt:]-fragment{ip:25:True:12}-|,1,[0]
0.0,"[TCP:options-altchksumopt:]-tamper{TCP:seq:replace:2055476593}(tamper{TCP:dataofs:corrupt},)-|[TCP:options-nop:]-duplicate-|",1,[0]
0.0,"[TCP:options-altchksumopt:]-duplicate(tamper{TCP:options-uto:corrupt},tamper{TCP:seq:corrupt}(tamper{TCP:options-wscale:corrupt},))-|[TCP:options-eol:]-duplicate-|",1,[0]
0.0,[TCP:options-nop:]-duplicate-|[TCP:options-sack:]-tamper{TCP:options-eol:replace:}-|,1,[0]
0.0,"[TCP:options-altchksumopt:]-duplicate(tamper{TCP:options-nop:replace:}(fragment{tcp:-1:True},),tamper{TCP:options-uto:corrupt})-|",1,[0]
0.0,"[TCP:options-sackok:]-tamper{TCP:options-mss:replace:20999}(fragment{tcp:39:True:19},)-|",1,[0]
0.0,"[TCP:options-eol:]-duplicate(tamper{TCP:options-uto:replace:32},tamper{TCP:options-wscale:corrupt})-|",1,[0]
0.0,"[TCP:options-eol::0]-duplicate(duplicate,)-|",1,[0]
0.0,"[TCP:ack:2005227726:1]-fragment{tcp:-1:True}(,tamper{TCP:dataofs:replace:1})-|",1,[0]
0.0,[TCP:options-altchksumopt:]-tamper{TCP:load:replace:__DNS_REQUEST__}-|,1,[0]
0.0,"[TCP:options-altchksumopt:]-duplicate(fragment{tcp:13:False},duplicate(tamper{TCP:reserved:replace:0},))-|[TCP:options-sackok:]-fragment{tcp:-1:True}-|",1,[0]
0.0,[TCP:options-nop:]-fragment{ip:-1:True:36}-|,1,[0]
0.0,[TCP:options-altchksumopt:]-tamper{TCP:seq:replace:1565525214}-|,1,[0]
0.0,"[TCP:options-eol:]-duplicate(,fragment{tcp:-1:True})-|",1,[0]
0.0,[TCP:options-nop:]-duplicate-|[TCP:options-nop:]-|,1,[0]
0.0,[TCP:ack:2005227726:1]-fragment{tcp:8:False}-|,1,[0]
0.0,[TCP:options-sackok:]-fragment{tcp:-1:True:5}-|[TCP:options-eol::0]-duplicate-|,1,[0]
0.0,[TCP:options-nop:]-duplicate-|[TCP:options-nop:]-fragment{tcp:17:True:8}-|,1,[0]
0.0,"[TCP:options-nop:]-fragment{tcp:-1:True}(duplicate(,duplicate),)-|",1,[0]
0.0,"[TCP:options-sackok:]-tamper{TCP:options-altchksumopt:corrupt}(fragment{tcp:-1:True},)-|",1,[0]
0.0,"[TCP:options-sackok:]-fragment{tcp:-1:True:24}(tamper{TCP:reserved:replace:2}(tamper{TCP:ack:corrupt},),fragment{tcp:-1:False})-|[TCP:options-eol::0]-duplicate(duplicate,)-|",1,[0]
0.0,[TCP:options-sackok::0]-tamper{TCP:options-uto:replace:43}-|,1,[0]
0.0,[TCP:options-sack:]-tamper{TCP:dataofs:corrupt}-|,1,[0]
0.0,"[TCP:options-altchksumopt:]-tamper{TCP:window:replace:120}(tamper{TCP:options-md5header:corrupt},)-|",1,[0]
0.0,[TCP:options-altchksumopt:]-tamper{TCP:options-altchksumopt:corrupt}-|[TCP:options-nop::0]-duplicate-|,1,[0]
0.0,"[TCP:options-altchksumopt:]-tamper{TCP:dataofs:corrupt}(tamper{TCP:options-sack:replace:},)-|",1,[0]
0.0,"[TCP:options-altchksumopt:]-tamper{TCP:seq:replace:2055476593}(tamper{TCP:dataofs:corrupt}(tamper{TCP:window:replace:120}(tamper{TCP:options-nop:replace:}(tamper{TCP:options-timestamp:replace:1921846682},),),),)-|",1,[0]
0.0,"[TCP:options-nop:]-tamper{TCP:sport:replace:59949}(fragment{tcp:-1:False},)-|",1,[0]
0.0,"[TCP:options-altchksumopt:]-tamper{TCP:seq:replace:2055476593}(tamper{TCP:flags:corrupt}(tamper{TCP:window:replace:120}(duplicate,),),)-|",1,[0]
0.0,"[TCP:options-altchksumopt::0]-tamper{TCP:options-sackok:replace:}(duplicate(fragment{tcp:-1:True}(duplicate,drop),),)-|",1,[0]
0.0,[TCP:options-nop:]-tamper{TCP:options-nop:replace:}-|,1,[0]
0.0,"[TCP:options-altchksumopt::0]-tamper{TCP:options-sackok:replace:}(fragment{tcp:-1:True}(,tamper{TCP:options-uto:replace:66}),)-|",1,[0]
0.0,"[TCP:options-nop:]-duplicate(,duplicate)-|[TCP:options-sack:]-|",1,[0]
0.0,"[TCP:options-nop:]-duplicate(tamper{TCP:reserved:replace:5},tamper{TCP:window:corrupt})-|",1,[0]
0.0,"[TCP:options-altchksumopt:]-tamper{TCP:options-sackok:corrupt}(tamper{TCP:window:replace:120},)-|",1,[0]
0.0,"[TCP:options-altchksumopt:]-tamper{TCP:seq:replace:2055476593}(tamper{TCP:options-eol:corrupt}(tamper{TCP:window:corrupt},),)-|",1,[0]
0.0,"[TCP:options-sackok:]-tamper{TCP:options-nop:replace:}(tamper{TCP:options-nop:corrupt},)-|",1,[0]
0.0,[TCP:options-nop:]-duplicate-|[TCP:options-sack:]-tamper{TCP:options-uto:replace:39}-|,1,[0]
0.0,"[TCP:options-eol:]-tamper{TCP:load:replace:dosbe06i2o}(tamper{TCP:window:replace:140},)-|",1,[0]
0.0,"[TCP:options-altchksumopt:]-duplicate(,fragment{tcp:56:False})-|",1,[0]
0.0,"[TCP:options-altchksumopt:]-tamper{TCP:seq:replace:2055476593}(tamper{TCP:window:replace:120}(tamper{TCP:options-nop:replace:},),)-|",1,[0]
0.0,"[TCP:options-altchksumopt::0]-tamper{TCP:options-sackok:replace:}(duplicate(fragment{tcp:-1:True}(duplicate,tamper{TCP:options-uto:replace:66}),),)-|",1,[0]
0.0,"[TCP:options-altchksumopt:]-duplicate(,fragment{tcp:-1:False:14})-|",1,[0]
0.0,"[TCP:options-nop:]-duplicate(,tamper{TCP:reserved:replace:5})-|",1,[0]
0.0,"[TCP:options-nop:]-fragment{tcp:-1:True}(duplicate(duplicate,),drop)-|",1,[0]
0.0,"[TCP:options-altchksumopt:]-fragment{tcp:25:True}(,tamper{TCP:options-altchksum:corrupt})-|",1,[0]
0.0,[TCP:options-sack::0]-fragment{tcp:35:False:27}-|[TCP:options-nop:]-duplicate-|,1,[0]
0.0,[TCP:options-nop:]-fragment{tcp:42:True:5}-|,1,[0]
0.0,"[TCP:options-sackok::0]-tamper{TCP:seq:corrupt}(tamper{TCP:options-eol:replace:},)-|",1,[0]
0.0,[TCP:options-nop:]-fragment{tcp:-1:True:5}-|,1,[0]
0.0,"[TCP:options-altchksumopt:]-tamper{TCP:seq:replace:2055476593}(tamper{TCP:dataofs:corrupt}(duplicate,),)-|",1,[0]
0.0,[TCP:options-nop:]-tamper{TCP:dataofs:replace:8}-|,1,[0]
0.0,"[TCP:options-altchksumopt:]-duplicate(tamper{TCP:seq:replace:2055476593}(tamper{TCP:options-mss:corrupt},),)-|",1,[0]
0.0,[TCP:options-sackok::0]-tamper{TCP:options-altchksumopt:corrupt}-|,1,[0]
0.0,[TCP:options-nop:]-tamper{TCP:window:replace:100}-|,1,[0]
0.0,[TCP:options-altchksumopt:]-fragment{tcp:-1:True:49}-|,1,[0]
0.0,"[TCP:options-altchksumopt:]-tamper{TCP:dataofs:corrupt}(tamper{TCP:window:replace:120},)-|[TCP:options-eol:]-tamper{TCP:reserved:replace:7}-|",1,[0]
0.0,"[TCP:options-altchksumopt:]-tamper{TCP:sport:corrupt}(duplicate(duplicate,),)-|",1,[0]
0.0,"[TCP:options-nop:]-fragment{tcp:-1:True}(tamper{TCP:reserved:replace:3},)-|",1,[0]
0.0,"[TCP:options-altchksumopt::0]-duplicate(fragment{tcp:-1:True},tamper{TCP:options-md5header:corrupt})-|",1,[0]
0.0,"[TCP:sport:55299]-tamper{TCP:flags:corrupt}(tamper{TCP:window:replace:120},)-|",1,[0]
0.0,[TCP:options-altchksumopt:]-fragment{tcp:24:False:45}-|,1,[0]
0.0,"[TCP:options-altchksumopt:]-tamper{TCP:dataofs:corrupt}(tamper{TCP:options-altchksum:replace:114},)-|[TCP:options-nop:]-duplicate-|",1,[0]
0.0,"[TCP:options-altchksumopt:]-tamper{TCP:seq:replace:2055476593}(tamper{TCP:options-timestamp:corrupt}(tamper{TCP:window:corrupt}(duplicate,),),)-|",1,[0]
0.0,[TCP:options-altchksum:233]-duplicate-|,1,[0]
0.0,[TCP:options-altchksumopt:]-tamper{TCP:reserved:replace:1}-|,1,[0]
0.0,"[TCP:options-altchksumopt::0]-duplicate(fragment{tcp:-1:True}(,drop),)-|",1,[0]
0.0,"[TCP:options-altchksumopt:]-tamper{TCP:seq:replace:2055476593}(tamper{TCP:dataofs:corrupt}(tamper{TCP:options-nop:replace:},),)-|",1,[0]
0.0,"[TCP:options-altchksumopt:]-tamper{TCP:seq:replace:2055476593}(tamper{TCP:flags:corrupt}(tamper{TCP:window:replace:120}(fragment{ip:-1:True:4}(duplicate,),),),)-|",1,[0]
0.0,"[TCP:options-eol:]-duplicate(tamper{TCP:options-uto:replace:32}(tamper{TCP:sport:corrupt},),tamper{TCP:seq:corrupt})-|",1,[0]
0.0,"[TCP:options-altchksumopt:]-tamper{TCP:seq:corrupt}(tamper{TCP:window:replace:120}(tamper{TCP:options-md5header:corrupt},),)-|",1,[0]
0.0,"[TCP:options-eol::0]-duplicate(drop,duplicate)-|",1,[0]
0.0,"[TCP:options-eol:]-duplicate(tamper{TCP:seq:corrupt},)-|",1,[0]
0.0,[TCP:options-altchksumopt:]-fragment{tcp:19:False:35}-|,1,[0]
0.0,"[TCP:options-altchksumopt:]-tamper{TCP:ack:replace:1657669217}(tamper{TCP:sport:replace:30823},)-|",1,[0]
0.0,"[TCP:options-altchksumopt:]-tamper{TCP:options-nop:replace:}(tamper{TCP:options-md5header:replace:8bb7d8c04b7415279292e4870feef5ee},)-|",1,[0]
0.0,"[TCP:options-altchksumopt:]-tamper{TCP:options-nop:replace:}(tamper{TCP:flags:corrupt}(tamper{TCP:options-md5header:replace:71849fa36e99b7675ed5c1da7713149a},),)-|",1,[0]
0.0,[TCP:seq:507986466]-tamper{TCP:load:replace:dosbe06i2o}-|,1,[0]
0.0,[TCP:options-eol::0]-tamper{TCP:options-sackok:corrupt}-|[TCP:options-sack::3]-tamper{TCP:load:replace:1ggq24m463}-|,1,[0]
0.0,"[TCP:options-nop:]-duplicate(tamper{TCP:sport:replace:57154},)-|",1,[0]
0.0,"[TCP:options-sackok:]-tamper{TCP:options-nop:replace:}(tamper{TCP:options-md5header:corrupt},)-|",1,[0]
0.0,"[TCP:options-eol:]-tamper{TCP:load:replace:dosbe06i2o}(tamper{TCP:options-mss:replace:9954}(tamper{TCP:seq:replace:1185681949},),)-|[TCP:options-sackok::0]-duplicate-|",1,[0]
0.0,"[TCP:options-sackok:]-fragment{tcp:-1:False:5}-|[TCP:options-eol::0]-duplicate(tamper{TCP:options-altchksum:replace:224},)-|",1,[0]
0.0,"[TCP:options-sackok:]-tamper{TCP:dport:replace:22413}(duplicate(duplicate,),)-|",1,[0]
0.0,"[TCP:options-altchksumopt::0]-tamper{TCP:options-sackok:replace:}(duplicate(fragment{tcp:-1:True}(,drop),tamper{TCP:options-eol:corrupt}),)-|",1,[0]
0.0,[TCP:reserved:0]-fragment{tcp:-1:True:22}-|,1,[0]
0.0,"[TCP:options-eol:]-duplicate(tamper{TCP:options-timestamp:replace:1447124928},)-|",1,[0]
0.0,"[TCP:options-altchksumopt:]-duplicate(,tamper{TCP:options-mss:replace:57833})-|",1,[0]
0.0,"[TCP:options-eol::0]-duplicate(tamper{TCP:flags:corrupt},)-|",1,[0]
0.0,"[TCP:options-altchksumopt:]-tamper{TCP:options-timestamp:corrupt}(tamper{TCP:dport:corrupt},)-|",1,[0]
0.0,"[TCP:options-altchksumopt:]-duplicate(,tamper{TCP:options-wscale:corrupt}(fragment{tcp:25:True}(duplicate(,duplicate),),))-|",1,[0]
0.0,[TCP:options-sackok::0]-tamper{TCP:options-altchksumopt:replace:}-|,1,[0]
0.0,"[TCP:options-altchksumopt:]-fragment{ip:-1:False:29}(tamper{TCP:reserved:replace:1},)-|",1,[0]
0.0,"[TCP:options-altchksumopt:]-tamper{TCP:seq:replace:2055476593}(tamper{TCP:options-sack:corrupt}(tamper{TCP:window:replace:120}(fragment{ip:-1:True:4}(duplicate,),),),)-|",1,[0]
0.0,"[TCP:options-eol:]-tamper{TCP:flags:replace:SPAUC}(tamper{TCP:options-eol:corrupt},)-|[TCP:options-sackok::0]-tamper{TCP:load:replace:}(drop,)-|",1,[0]
0.0,[TCP:options-nop:]-duplicate-|[TCP:options-sack:]-tamper{TCP:options-sackok:replace:}-|,1,[0]
0.0,[TCP:dataofs:12]-duplicate-|,1,[0]
0.0,[TCP:options-nop:]-tamper{TCP:options-mss:replace:20999}-|,1,[0]
0.0,"[TCP:options-eol:]-duplicate(tamper{TCP:dataofs:corrupt}(tamper{TCP:window:replace:90},),tamper{TCP:options-sack:corrupt})-|",1,[0]
0.0,[TCP:options-altchksumopt:]-tamper{TCP:options-uto:replace:32}-|[TCP:options-nop:]-duplicate-|,1,[0]
0.0,"[TCP:options-eol:]-duplicate(tamper{TCP:options-altchksum:replace:36},fragment{tcp:-1:True})-|",1,[0]
0.0,[TCP:options-nop:]-tamper{TCP:ack:replace:1572970249}-|,1,[0]
0.0,[TCP:options-nop:]-tamper{TCP:dataofs:replace:8}-|[TCP:options-nop:]-tamper{TCP:ack:replace:424409315}-|,1,[0]
0.0,"[TCP:options-eol:]-tamper{TCP:load:replace:dosbe06i2o}(tamper{TCP:options-mss:replace:9954}(tamper{TCP:sport:replace:43833},),)-|[TCP:options-sackok::0]-|",1,[0]
0.0,[TCP:options-sackok:]-tamper{TCP:urgptr:corrupt}-|[TCP:options-eol::0]-duplicate-|,1,[0]
0.0,"[TCP:options-altchksumopt:]-fragment{tcp:-1:False:29}(tamper{TCP:window:replace:140},)-|",1,[0]
0.0,[TCP:options-altchksumopt::0]-fragment{tcp:-1:True}-|,1,[0]
0.0,"[TCP:options-altchksumopt:]-tamper{TCP:options-timestamp:corrupt}(tamper{TCP:options-wscale:corrupt},)-|",1,[0]
0.0,[TCP:options-altchksumopt:]-tamper{TCP:options-timestamp:replace:2063354412}-|,1,[0]
0.0,"[TCP:options-altchksumopt:]-|[TCP:options-altchksumopt:]-duplicate(fragment{tcp:13:False}(tamper{TCP:options-sackok:corrupt},),duplicate(tamper{TCP:reserved:replace:0},))-|",1,[0]
0.0,"[TCP:options-nop::0]-tamper{TCP:options-nop:replace:}(tamper{TCP:options-md5header:corrupt},)-|",1,[0]
0.0,[TCP:options-altchksumopt:]-tamper{TCP:urgptr:corrupt}-|,1,[0]
0.0,[TCP:options-altchksumopt:]-tamper{TCP:options-md5header:replace:8bb7d8c04b7415279292e4870feef5ee}-|,1,[0]
0.0,"[TCP:options-altchksumopt:]-duplicate(,tamper{TCP:dport:corrupt}(duplicate,))-|",1,[0]
0.0,[TCP:options-nop:]-duplicate-|[TCP:options-sack:]-tamper{TCP:options-altchksum:replace:114}-|,1,[0]
0.0,"[TCP:options-eol:]-tamper{TCP:window:replace:190}(tamper{TCP:options-mss:replace:9954}(tamper{TCP:seq:replace:1185681949},),)-|[TCP:options-sackok::0]-duplicate-|",1,[0]
0.0,[TCP:options-timestamp:700817954]-duplicate-|,1,[0]
0.0,"[TCP:options-altchksum:233]-fragment{tcp:-1:False}(fragment{tcp:-1:False}(duplicate,),)-|",1,[0]
0.0,"[TCP:reserved:0]-duplicate(,tamper{TCP:load:corrupt})-|",1,[0]
0.0,[TCP:options-nop:]-fragment{tcp:38:True:22}-|,1,[0]
0.0,[TCP:options-altchksumopt::0]-duplicate-|,1,[0]
0.0,"[TCP:options-altchksumopt:]-tamper{TCP:window:corrupt}(tamper{TCP:ack:corrupt}(tamper{TCP:dport:replace:28084},),)-|",1,[0]
0.0,"[TCP:options-eol:]-duplicate(tamper{TCP:seq:replace:3386462654},)-|",1,[0]
0.0,"[TCP:options-altchksumopt:]-tamper{TCP:ack:corrupt}(fragment{tcp:-1:False},)-|",1,[0]
0.0,"[TCP:options-sackok:]-tamper{TCP:options-nop:replace:}(tamper{TCP:options-nop:corrupt}(tamper{TCP:options-altchksumopt:corrupt},),)-|",1,[0]
0.0,"[TCP:options-altchksumopt:]-duplicate(,tamper{TCP:options-eol:corrupt}(fragment{tcp:25:True}(tamper{TCP:dport:corrupt},),))-|",1,[0]
0.0,"[TCP:options-altchksumopt:]-tamper{TCP:dataofs:corrupt}(tamper{TCP:options-nop:replace:},)-|",1,[0]
0.0,"[TCP:options-altchksumopt:]-tamper{TCP:ack:replace:1657669217}(tamper{TCP:window:replace:120}(tamper{TCP:options-altchksum:corrupt},),)-|",1,[0]
0.0,"[TCP:options-altchksumopt::0]-tamper{TCP:options-timestamp:corrupt}(tamper{TCP:seq:corrupt},)-|",1,[0]
0.0,"[TCP:options-altchksumopt:]-tamper{TCP:seq:replace:2055476593}(fragment{ip:-1:False},)-|",1,[0]
0.0,"[TCP:options-altchksumopt:]-tamper{TCP:options-mss:replace:23437}(duplicate(fragment{tcp:-1:False},duplicate),)-|",1,[0]
0.0,[TCP:options-sack::0]-fragment{tcp:57:True:27}-|[TCP:options-nop:]-duplicate-|,1,[0]
0.0,"[TCP:options-altchksumopt:]-tamper{TCP:seq:replace:2055476593}(tamper{TCP:window:replace:100},)-|",1,[0]
0.0,"[TCP:options-altchksumopt:]-tamper{TCP:seq:replace:2055476593}(tamper{TCP:options-altchksumopt:corrupt},)-|",1,[0]
0.0,[TCP:options-nop:]-fragment{tcp:45:True:3}-|,1,[0]
0.0,"[TCP:options-altchksumopt:]-tamper{TCP:seq:replace:2055476593}(tamper{TCP:window:replace:120}(duplicate,),)-|",1,[0]
0.0,"[TCP:options-nop:]-tamper{TCP:seq:replace:3891749500}(duplicate,)-|[TCP:options-altchksumopt:]-fragment{tcp:-1:False}(tamper{TCP:reserved:replace:1},)-|",1,[0]
0.0,"[TCP:ack:2005227726:1]-fragment{tcp:-1:True}(,tamper{TCP:dataofs:corrupt})-|",1,[0]
0.0,"[TCP:options-altchksumopt:]-tamper{TCP:seq:replace:2055476593}(tamper{TCP:window:replace:120}(tamper{TCP:options-nop:replace:}(tamper{TCP:options-uto:corrupt},),),)-|",1,[0]
0.0,[TCP:options-altchksumopt:]-tamper{TCP:sport:corrupt}-|,1,[0]
0.0,[TCP:options-nop:]-fragment{tcp:-1:False:36}-|,1,[0]
0.0,"[TCP:options-sackok:]-duplicate(tamper{TCP:urgptr:corrupt},)-|[TCP:options-eol::0]-|",1,[0]
0.0,[TCP:options-altchksumopt:]-tamper{TCP:window:replace:120}-|,1,[0]
0.0,"[TCP:options-altchksumopt:]-tamper{TCP:options-altchksum:corrupt}(fragment{tcp:-1:True},)-|[TCP:options-eol:]-|",1,[0]
0.0,[TCP:options-eol::0]-tamper{TCP:options-sack:corrupt}-|[TCP:options-sack::2]-tamper{TCP:chksum:replace:59991}-|,1,[0]
0.0,[TCP:options-nop:]-tamper{TCP:options-wscale:replace:168}-|,1,[0]
0.0,[TCP:options-altchksumopt:]-tamper{TCP:seq:replace:3393506649}-|[TCP:options-altchksumopt:]-duplicate-|,1,[0]
0.0,"[TCP:options-eol:]-duplicate(tamper{TCP:options-uto:replace:32}(tamper{TCP:options-altchksumopt:corrupt},),tamper{TCP:options-wscale:corrupt})-|",1,[0]
0.0,[TCP:flags:FPAN]-tamper{TCP:options-altchksumopt:corrupt}-|,1,[0]
0.0,[TCP:options-altchksumopt:]-tamper{TCP:window:replace:120}-|[TCP:options-eol:]-tamper{TCP:sport:replace:24976}-|,1,[0]
0.0,"[TCP:options-altchksumopt::0]-tamper{TCP:dport:replace:37795}(duplicate(fragment{tcp:-1:True}(,drop),tamper{TCP:options-eol:corrupt}),)-|",1,[0]
0.0,"[TCP:options-sackok::0]-tamper{TCP:options-mss:replace:44770}(duplicate(tamper{TCP:dport:corrupt},),)-|",1,[0]
0.0,"[TCP:ack:2005227726:1]-fragment{tcp:19:False:35}(duplicate,)-|",1,[0]
0.0,"[TCP:options-nop:]-fragment{tcp:-1:True:5}(fragment{tcp:-1:False},)-|",1,[0]
0.0,"[TCP:options-altchksumopt:]-tamper{TCP:dataofs:replace:3}(duplicate(tamper{TCP:options-uto:replace:92},duplicate),)-|",1,[0]
0.0,"[TCP:options-sackok:]-tamper{TCP:options-altchksum:replace:197}(tamper{TCP:options-md5header:corrupt},)-|",1,[0]
0.0,"[TCP:options-altchksumopt:]-tamper{TCP:seq:replace:2055476593}(tamper{TCP:dataofs:corrupt}(duplicate,),)-|[TCP:options-nop:]-duplicate-|",1,[0]
0.0,"[TCP:options-nop:]-fragment{tcp:33:True:41}(fragment{tcp:-1:False},)-|",1,[0]
0.0,"[TCP:options-altchksumopt:]-tamper{TCP:seq:replace:445112574}(tamper{TCP:options-md5header:replace:8bb7d8c04b7415279292e4870feef5ee},)-|",1,[0]
0.0,[TCP:options-altchksumopt:]-tamper{TCP:chksum:replace:58240}-|,1,[0]
0.0,"[TCP:options-altchksumopt:]-duplicate(tamper{TCP:load:corrupt},tamper{TCP:dport:corrupt})-|",1,[0]
0.0,"[TCP:options-nop:]-duplicate(duplicate,tamper{TCP:options-uto:corrupt}(duplicate,))-|",1,[0]
0.0,"[TCP:options-nop:]-|[TCP:options-sack:]-tamper{TCP:options-eol:replace:}(tamper{TCP:flags:corrupt},)-|",1,[0]
0.0,"[TCP:options-eol:]-tamper{TCP:load:corrupt}(tamper{TCP:options-mss:replace:9954},)-|",1,[0]
0.0,"[TCP:options-altchksumopt:]-tamper{TCP:options-timestamp:corrupt}(duplicate(duplicate(tamper{TCP:sport:replace:52520},),),)-|",1,[0]
0.0,"[TCP:options-altchksumopt:]-tamper{TCP:urgptr:replace:7139}(tamper{TCP:options-md5header:corrupt},)-|",1,[0]
0.0,"[TCP:options-nop:]-duplicate(fragment{tcp:-1:True},)-|",1,[0]
0.0,"[TCP:options-eol:]-tamper{TCP:options-altchksum:corrupt}(tamper{TCP:ack:corrupt}(tamper{TCP:options-mss:corrupt},),)-|",1,[0]
0.0,"[TCP:options-nop:]-tamper{TCP:options-sack:corrupt}(tamper{TCP:urgptr:corrupt},)-|",1,[0]
0.0,[TCP:options-eol::0]-tamper{TCP:ack:corrupt}-|,1,[0]
0.0,"[TCP:options-altchksumopt:]-tamper{TCP:window:corrupt}(duplicate(duplicate,),)-|",1,[0]
0.0,[TCP:options-nop:]-fragment{tcp:-1:False}-|[TCP:options-nop:]-|,1,[0]
0.0,"[TCP:options-altchksumopt:]-tamper{TCP:window:replace:120}(tamper{TCP:options-nop:replace:},)-|",1,[0]
0.0,"[TCP:options-altchksumopt::0]-duplicate(fragment{tcp:49:False},)-|",1,[0]
0.0,"[TCP:options-altchksumopt:]-tamper{TCP:options-altchksumopt:corrupt}(duplicate,)-|[TCP:options-nop::0]-duplicate-|",1,[0]
0.0,"[TCP:options-eol:]-duplicate(tamper{TCP:ack:replace:3035781829},)-|",1,[0]
0.0,"[TCP:options-nop::0]-tamper{TCP:load:replace:}(tamper{TCP:options-mss:corrupt}(tamper{TCP:options-md5header:replace:345d489c13f2d043d61275fc16b51f11},),)-|",1,[0]
0.0,"[TCP:options-altchksumopt:]-tamper{TCP:options-timestamp:corrupt}(tamper{TCP:window:corrupt}(tamper{TCP:window:replace:180},),)-|",1,[0]
0.0,"[TCP:options-nop:]-tamper{TCP:seq:replace:3891749500}(fragment{tcp:-1:True},)-|[TCP:options-altchksumopt:]-|",1,[0]
0.0,[TCP:options-altchksumopt:]-tamper{TCP:options-md5header:replace:f182d2aa851374d7d2afa4c94e6c0962}-|,1,[0]
0.0,"[TCP:options-altchksumopt:]-tamper{TCP:options-timestamp:corrupt}(fragment{tcp:-1:True},)-|",1,[0]
0.0,[TCP:options-altchksumopt:]-tamper{TCP:ack:replace:551968607}-|,1,[0]
0.0,[TCP:options-altchksumopt:]-tamper{TCP:window:corrupt}-|[TCP:options-nop::0]-|,1,[0]
0.0,[TCP:options-sack:]-tamper{TCP:urgptr:corrupt}-|,1,[0]
0.0,"[TCP:options-altchksumopt:]-tamper{TCP:seq:replace:2055476593}(tamper{TCP:flags:corrupt}(tamper{TCP:dataofs:replace:5}(fragment{tcp:-1:True}(,fragment{tcp:-1:True}),),),)-|",1,[0]
0.0,[TCP:options-nop:]-tamper{TCP:dport:replace:16176}-|,1,[0]
0.0,"[TCP:options-altchksumopt:]-duplicate(tamper{TCP:options-nop:replace:}(fragment{tcp:-1:True},),tamper{TCP:options-altchksum:corrupt})-|",1,[0]
0.0,"[TCP:options-nop:]-tamper{TCP:dataofs:replace:8}(tamper{TCP:window:replace:40},)-|",1,[0]
0.0,"[TCP:options-altchksumopt:]-tamper{TCP:seq:replace:2890002362}-|[TCP:options-nop:]-duplicate(duplicate,)-|",1,[0]
0.0,"[TCP:options-altchksumopt:]-tamper{TCP:window:corrupt}(tamper{TCP:ack:corrupt}(fragment{tcp:-1:False},),)-|",1,[0]
0.0,"[TCP:options-nop:]-duplicate(tamper{TCP:reserved:replace:5},tamper{TCP:chksum:corrupt})-|",1,[0]
0.0,"[TCP:options-nop:]-fragment{tcp:-1:True}(tamper{TCP:options-nop:corrupt},)-|",1,[0]
0.0,[TCP:options-sackok:]-tamper{TCP:reserved:corrupt}-|,1,[0]
0.0,[TCP:options-eol:]-tamper{TCP:options-timestamp:replace:1447124928}-|,1,[0]
0.0,"[TCP:options-altchksumopt:]-tamper{TCP:options-wscale:replace:55}(tamper{TCP:flags:corrupt}(fragment{tcp:-1:False}(duplicate,),),)-|",1,[0]
0.0,"[TCP:options-sackok:]-fragment{tcp:-1:True}-|[TCP:options-altchksumopt:]-duplicate(fragment{tcp:13:False},duplicate(tamper{TCP:reserved:replace:0},))-|",1,[0]
0.0,"[TCP:options-nop:]-duplicate(,duplicate)-|[TCP:options-sack:]-tamper{TCP:options-eol:replace:}-|",1,[0]
0.0,"[TCP:options-altchksumopt:]-tamper{TCP:seq:corrupt}(tamper{TCP:window:replace:120}(tamper{TCP:options-md5header:corrupt}(tamper{TCP:options-wscale:corrupt},),),)-|",1,[0]
0.0,"[TCP:options-eol:]-duplicate(tamper{TCP:options-timestamp:replace:1447124928},tamper{TCP:options-timestamp:corrupt})-|",1,[0]
0.0,[TCP:options-eol::0]-duplicate-|[TCP:options-eol:]-tamper{TCP:options-altchksumopt:corrupt}-|,1,[0]
0.0,"[TCP:options-nop:]-fragment{tcp:-1:True}(duplicate(,duplicate(fragment{tcp:-1:True},)),)-|",1,[0]
0.0,"[TCP:options-altchksumopt:]-duplicate(,duplicate(tamper{TCP:options-altchksumopt:corrupt}(fragment{tcp:-1:True},),))-|[TCP:options-nop:]-fragment{tcp:-1:True}-|",1,[0]
0.0,"[TCP:options-altchksumopt:]-duplicate(tamper{TCP:options-uto:corrupt}(duplicate,),tamper{TCP:seq:corrupt}(tamper{TCP:options-wscale:corrupt},))-|[TCP:options-eol:]-duplicate-|",1,[0]
0.0,"[TCP:options-altchksumopt:]-tamper{TCP:options-timestamp:corrupt}(tamper{TCP:window:corrupt}(duplicate,),)-|",1,[0]
0.0,"[TCP:options-altchksumopt:]-duplicate(duplicate(tamper{TCP:sport:replace:49964},),)-|",1,[0]
0.0,"[TCP:options-altchksumopt:]-duplicate(,tamper{TCP:options-nop:corrupt}(duplicate,))-|",1,[0]
0.0,"[TCP:options-nop:]-duplicate(,duplicate)-|[TCP:options-sack:]-duplicate-|",1,[0]
0.0,"[TCP:options-altchksumopt:]-tamper{TCP:seq:replace:3393506649}(tamper{TCP:options-timestamp:corrupt},)-|",1,[0]
0.0,"[TCP:options-nop:]-tamper{TCP:options-sackok:replace:}(duplicate,)-|",1,[0]
0.0,"[TCP:options-sackok:]-tamper{TCP:options-altchksumopt:corrupt}(fragment{tcp:-1:True:8},)-|",1,[0]
0.0,"[TCP:options-sackok:]-fragment{tcp:47:False:23}(tamper{TCP:options-altchksum:replace:19},)-|[TCP:options-eol::0]-duplicate(tamper{TCP:options-sackok:replace:},)-|",1,[0]
0.0,"[TCP:options-altchksumopt:]-tamper{TCP:sport:replace:410}(tamper{TCP:flags:corrupt}(tamper{TCP:dataofs:replace:5}(fragment{tcp:-1:True},),),)-|",1,[0]
0.0,"[TCP:options-altchksumopt:]-tamper{TCP:seq:replace:2055476593}(tamper{TCP:options-eol:corrupt}(duplicate(duplicate,),),)-|",1,[0]
0.0,"[TCP:options-nop:]-fragment{tcp:-1:True}(tamper{TCP:window:corrupt}(fragment{tcp:-1:False},),)-|",1,[0]
0.0,"[TCP:options-sack:]-duplicate(tamper{TCP:urgptr:corrupt},drop)-|",1,[0]
0.0,"[TCP:options-nop:]-tamper{TCP:dataofs:replace:8}(fragment{tcp:-1:False},)-|",1,[0]
0.0,"[TCP:dataofs:10:0]-tamper{TCP:seq:corrupt}(tamper{TCP:options-eol:replace:},)-|",1,[0]
0.0,"[TCP:options-altchksumopt:]-tamper{TCP:ack:replace:2104688656}(tamper{TCP:options-md5header:corrupt},)-|",1,[0]
0.0,"[TCP:options-altchksumopt:]-tamper{TCP:flags:corrupt}(tamper{TCP:options-md5header:replace:71849fa36e99b7675ed5c1da7713149a},)-|",1,[0]
0.0,"[TCP:options-altchksumopt:]-fragment{tcp:13:False}(tamper{TCP:seq:corrupt},)-|[TCP:options-nop:]-fragment{tcp:-1:True}(,drop)-|",1,[0]
0.0,[TCP:options-altchksumopt:]-tamper{TCP:options-altchksum:replace:4}-|,1,[0]
0.0,"[TCP:options-altchksumopt:]-tamper{TCP:reserved:replace:1}(tamper{TCP:options-uto:replace:7},)-|",1,[0]
0.0,"[TCP:options-altchksumopt:]-tamper{TCP:options-nop:corrupt}(duplicate,)-|",1,[0]
0.0,"[TCP:options-sackok:]-fragment{tcp:-1:False:5}(tamper{TCP:options-altchksum:replace:19},)-|[TCP:options-eol::0]-duplicate-|",1,[0]
0.0,[TCP:options-nop:]-tamper{TCP:sport:replace:43578}-|,1,[0]
0.0,[TCP:options-altchksumopt:]-tamper{TCP:seq:replace:3426942665}-|,1,[0]
0.0,[TCP:options-eol::0]-tamper{TCP:urgptr:replace:44726}-|,1,[0]
0.0,"[TCP:options-altchksumopt:]-tamper{TCP:seq:replace:2055476593}(tamper{TCP:options-sack:corrupt}(tamper{TCP:window:replace:120}(fragment{ip:-1:True:4}(duplicate(tamper{TCP:seq:corrupt},),),),),)-|",1,[0]
0.0,[TCP:options-altchksumopt:]-tamper{TCP:window:replace:140}-|,1,[0]
0.0,"[TCP:options-altchksumopt:]-tamper{TCP:options-mss:corrupt}(tamper{TCP:window:replace:120}(duplicate,),)-|",1,[0]
0.0,[TCP:options-sackok::0]-tamper{TCP:options-altchksumopt:replace:}-|[TCP:options-eol:]-tamper{TCP:options-altchksum:replace:31}-|,1,[0]
0.0,"[TCP:options-sackok:]-|[TCP:options-altchksumopt:]-duplicate(fragment{tcp:13:False},duplicate)-|",1,[0]
0.0,[TCP:options-altchksumopt:]-|[TCP:options-altchksumopt:]-duplicate-|,1,[0]
0.0,"[TCP:options-altchksumopt:]-tamper{TCP:options-mss:replace:40346}-|[TCP:options-altchksumopt:]-duplicate(,fragment{tcp:-1:False})-|",1,[0]
0.0,[TCP:options-eol::0]-|[TCP:dport:56344]-tamper{TCP:options-altchksumopt:corrupt}-|,1,[0]
0.0,"[TCP:options-eol:]-tamper{TCP:chksum:corrupt}(duplicate,)-|",1,[0]
0.0,"[TCP:options-timestamp:4217481651]-duplicate(tamper{TCP:sport:corrupt},)-|",1,[0]
0.0,"[TCP:options-sackok:]-duplicate(tamper{TCP:urgptr:corrupt},)-|",1,[0]
0.0,"[TCP:dataofs:10:0]-tamper{TCP:options-sack:corrupt}(tamper{TCP:options-eol:replace:},)-|",1,[0]
0.0,"[TCP:seq:3681579642:4]-duplicate(tamper{TCP:urgptr:corrupt},)-|",1,[0]
0.0,"[TCP:options-altchksumopt:]-tamper{TCP:dport:replace:21135}(duplicate,)-|",1,[0]
0.0,"[TCP:options-eol:]-tamper{TCP:flags:replace:SPAUC}-|[TCP:options-sackok::0]-tamper{TCP:options-altchksumopt:replace:}(drop,)-|",1,[0]
0.0,"[TCP:options-altchksumopt:]-tamper{TCP:seq:corrupt}-|[TCP:options-nop:]-duplicate(,duplicate)-|",1,[0]
0.0,"[TCP:options-sackok:]-fragment{tcp:37:True:23}(tamper{TCP:options-altchksum:replace:19},)-|[TCP:options-eol::0]-duplicate(,tamper{TCP:options-sackok:replace:})-|",1,[0]
0.0,"[TCP:options-nop:]-fragment{tcp:-1:True}(tamper{TCP:options-eol:corrupt}(fragment{tcp:-1:False},),)-|",1,[0]
0.0,"[TCP:options-altchksumopt:]-drop-|[TCP:options-altchksumopt:]-duplicate(fragment{tcp:13:False}(tamper{TCP:options-sackok:replace:},),duplicate(tamper{TCP:reserved:replace:0},))-|",1,[0]
0.0,[TCP:options-altchksumopt:]-tamper{TCP:ack:replace:551968607}-|[TCP:options-sackok:]-tamper{TCP:sport:corrupt}-|,1,[0]
0.0,"[TCP:options-altchksumopt:]-tamper{TCP:options-timestamp:replace:2063354412}(fragment{tcp:-1:False},)-|",1,[0]
0.0,[TCP:options-sackok:]-fragment{tcp:27:True}-|[TCP:options-altchksumopt:]-fragment{tcp:13:False}-|,1,[0]
0.0,"[TCP:options-sackok:]-duplicate(tamper{TCP:options-wscale:corrupt},)-|[TCP:options-eol::0]-fragment{tcp:-1:True}-|",1,[0]
0.0,"[TCP:options-altchksumopt:]-tamper{TCP:options-uto:corrupt}(duplicate,)-|",1,[0]
0.0,"[TCP:options-altchksumopt:]-duplicate(,tamper{TCP:options-uto:replace:250}(duplicate,))-|",1,[0]
0.0,[TCP:options-altchksumopt:]-tamper{TCP:ack:replace:551968607}-|[TCP:options-nop:]-drop-|,1,[0]
0.0,"[TCP:options-altchksumopt:]-tamper{TCP:window:corrupt}(tamper{TCP:window:replace:180},)-|",1,[0]
0.0,[TCP:options-altchksumopt:]-tamper{TCP:seq:replace:2055476593}-|,1,[0]
0.0,"[TCP:options-sackok:]-tamper{TCP:options-altchksum:replace:197}(tamper{TCP:options-md5header:corrupt}(tamper{TCP:seq:corrupt},),)-|",1,[0]
0.0,[TCP:options-altchksumopt:]-tamper{TCP:options-wscale:corrupt}-|,1,[0]
0.0,[TCP:options-altchksumopt:]-tamper{TCP:window:replace:100}-|,1,[0]
0.0,"[TCP:options-altchksumopt:]-duplicate(tamper{TCP:load:corrupt},tamper{TCP:options-timestamp:corrupt})-|",1,[0]
0.0,[TCP:options-altchksumopt:]-tamper{TCP:urgptr:replace:9969}-|,1,[0]
0.0,[TCP:options-altchksumopt:]-duplicate-|[TCP:options-sackok:]-duplicate-|,1,[0]
0.0,"[TCP:options-nop:]-fragment{tcp:-1:True}(duplicate(,duplicate(fragment{tcp:11:False},)),)-|",1,[0]
0.0,"[TCP:options-eol:]-duplicate(tamper{TCP:options-uto:replace:32}(tamper{TCP:options-altchksumopt:corrupt},),tamper{TCP:options-wscale:corrupt}(tamper{TCP:options-nop:replace:},))-|",1,[0]
0.0,"[TCP:options-nop:]-tamper{TCP:dataofs:replace:8}(tamper{TCP:urgptr:replace:19361},)-|",1,[0]
0.0,"[TCP:options-altchksumopt:]-fragment{ip:-1:False:29}(tamper{TCP:reserved:replace:1},fragment{tcp:-1:False})-|",1,[0]
0.0,"[TCP:options-altchksumopt:]-duplicate(tamper{TCP:reserved:replace:4},tamper{TCP:dport:corrupt}(duplicate,))-|",1,[0]
0.0,"[TCP:options-altchksumopt:]-fragment{tcp:-1:True}(tamper{TCP:seq:corrupt},)-|[TCP:options-nop:]-fragment{tcp:-1:True}-|",1,[0]
0.0,"[TCP:options-nop:]-duplicate(tamper{TCP:seq:replace:2191592001},)-|",1,[0]
0.0,[TCP:options-timestamp:700817954]-tamper{TCP:options-altchksumopt:corrupt}-|,1,[0]
0.0,"[TCP:options-altchksumopt:]-fragment{tcp:-1:False:5}(fragment{tcp:-1:True},)-|",1,[0]
0.0,"[TCP:options-eol:]-tamper{TCP:flags:replace:SPAUC}(tamper{TCP:options-eol:corrupt},)-|[TCP:options-sackok::0]-tamper{TCP:options-md5header:replace:fa5eb56fb6e9fc7bad68dc854ccea4bc}(drop,)-|",1,[0]
0.0,"[TCP:urgptr:46862]-duplicate(tamper{TCP:urgptr:corrupt},)-|",1,[0]
0.0,"[TCP:options-eol:]-duplicate(tamper{TCP:sport:replace:57154},)-|",1,[0]
0.0,"[TCP:options-altchksumopt:]-duplicate(,fragment{tcp:-1:False})-|[TCP:options-eol:]-tamper{TCP:options-sackok:corrupt}(tamper{TCP:window:replace:120},)-|",1,[0]
0.0,"[TCP:options-altchksumopt:]-tamper{TCP:seq:replace:2055476593}(tamper{TCP:flags:corrupt}(fragment{tcp:14:True:43}(duplicate(tamper{TCP:seq:replace:3799705642},),),),)-|",1,[0]
0.0,"[TCP:options-altchksumopt::0]-tamper{TCP:options-timestamp:corrupt}(tamper{TCP:seq:corrupt}(tamper{TCP:options-md5header:corrupt},),)-|",1,[0]
0.0,"[TCP:options-nop:]-duplicate(,duplicate(tamper{TCP:options-eol:replace:},))-|[TCP:options-sack:]-tamper{TCP:flags:replace:SRAUCN}-|",1,[0]
0.0,[TCP:options-md5header:f3397a337c3a6cb81a5a6fcbef31e366]-duplicate-|,1,[0]
0.0,"[TCP:options-eol::0]-duplicate(,tamper{TCP:flags:corrupt})-|",1,[0]
0.0,"[TCP:options-altchksumopt:]-tamper{TCP:options-timestamp:corrupt}(fragment{tcp:-1:True}(fragment{tcp:-1:True},),)-|",1,[0]
0.0,[TCP:options-nop:]-tamper{TCP:options-timestamp:replace:663124226}-|,1,[0]
0.0,"[TCP:options-nop::0]-tamper{TCP:load:replace:}(tamper{TCP:options-mss:corrupt}(tamper{TCP:dport:replace:10402},),)-|",1,[0]
0.0,"[TCP:options-eol:]-tamper{TCP:window:replace:190}(tamper{TCP:options-mss:replace:9954}(tamper{TCP:seq:replace:1185681949},),)-|",1,[0]
0.0,"[TCP:options-nop:]-duplicate(fragment{tcp:-1:True},duplicate)-|[TCP:reserved:7]-duplicate-|",1,[0]
0.0,"[TCP:options-nop:]-tamper{TCP:dataofs:replace:13}(fragment{tcp:-1:False},)-|",1,[0]
0.0,"[TCP:options-altchksum:29]-duplicate(,fragment{ip:29:False:3})-|",1,[0]
0.0,[TCP:options-eol:]-tamper{TCP:sport:replace:24976}-|,1,[0]
0.0,[TCP:options-altchksumopt:]-fragment{tcp:-1:False:9}-|[TCP:options-nop:]-fragment{tcp:-1:False}-|,1,[0]
0.0,[TCP:options-altchksumopt:]-fragment{tcp:-1:True:35}-|[TCP:options-eol:]-duplicate-|,1,[0]
0.0,"[TCP:reserved:0]-duplicate(,tamper{TCP:options-altchksum:corrupt})-|",1,[0]
0.0,"[TCP:options-sackok:]-duplicate(tamper{TCP:seq:replace:2513476431},)-|",1,[0]
0.0,"[TCP:options-nop:]-tamper{TCP:options-nop:corrupt}(tamper{TCP:options-uto:replace:47},)-|",1,[0]
0.0,"[TCP:options-nop::0]-tamper{TCP:options-nop:replace:}(tamper{TCP:options-md5header:corrupt}(duplicate,),)-|",1,[0]
0.0,"[TCP:options-nop:]-duplicate(,tamper{TCP:urgptr:replace:18597})-|[TCP:options-sack:]-tamper{TCP:options-sackok:replace:}-|",1,[0]
0.0,"[TCP:options-altchksumopt:]-tamper{TCP:seq:replace:2055476593}(tamper{TCP:options-eol:corrupt}(duplicate(duplicate(,duplicate),),),)-|",1,[0]
0.0,"[TCP:options-nop:]-|[TCP:options-sack:]-tamper{TCP:options-sackok:replace:}(duplicate,)-|",1,[0]
0.0,"[TCP:options-nop:]-fragment{tcp:-1:True}(tamper{TCP:window:corrupt}(fragment{tcp:46:True:23},),)-|",1,[0]
0.0,"[TCP:options-nop:]-tamper{TCP:ack:replace:1572970249}(tamper{TCP:flags:corrupt},)-|",1,[0]
0.0,"[TCP:options-nop:]-tamper{TCP:dport:replace:57735}(duplicate,)-|",1,[0]
0.0,"[TCP:options-altchksumopt:]-tamper{TCP:chksum:corrupt}(tamper{TCP:options-wscale:corrupt},)-|",1,[0]
0.0,[TCP:options-nop::0]-tamper{TCP:load:replace:}-|,1,[0]
0.0,[TCP:options-altchksumopt::0]-tamper{TCP:options-mss:corrupt}-|,1,[0]
0.0,"[TCP:options-wscale:241]-tamper{TCP:seq:corrupt}(tamper{TCP:options-eol:replace:},)-|",1,[0]
0.0,"[TCP:options-altchksumopt:]-tamper{TCP:ack:replace:1657669217}(tamper{TCP:window:replace:120}(duplicate(duplicate,),),)-|",1,[0]
0.0,[TCP:options-altchksumopt::0]-tamper{TCP:dport:replace:37795}-|,1,[0]
0.0,"[TCP:options-altchksumopt:]-duplicate(fragment{tcp:-1:True}(,drop),tamper{TCP:options-eol:corrupt})-|",1,[0]
0.0,"[TCP:options-sackok::0]-tamper{TCP:options-timestamp:corrupt}(tamper{TCP:window:corrupt}(duplicate,),)-|",1,[0]
0.0,"[TCP:options-altchksumopt:]-duplicate(tamper{TCP:options-timestamp:corrupt},)-|",1,[0]
0.0,[TCP:options-nop:]-fragment{ip:-1:False:5}-|,1,[0]
0.0,[TCP:options-nop:]-duplicate-|[TCP:window:50]-tamper{TCP:options-sackok:replace:}-|,1,[0]
0.0,"[TCP:options-nop:]-duplicate(,tamper{TCP:ack:corrupt})-|",1,[0]
0.0,"[TCP:options-altchksumopt:]-tamper{TCP:dataofs:replace:3}(duplicate(tamper{TCP:options-uto:replace:92},duplicate(,fragment{tcp:-1:True})),)-|",1,[0]
0.0,"[TCP:options-nop:]-duplicate(fragment{tcp:-1:True}(duplicate,),)-|",1,[0]
0.0,[TCP:options-eol::0]-tamper{TCP:ack:replace:81358098}-|,1,[0]
0.0,"[TCP:options-altchksumopt:]-tamper{TCP:sport:replace:410}(duplicate(fragment{tcp:-1:False}(,tamper{TCP:window:replace:190}),duplicate),)-|",1,[0]
0.0,"[TCP:options-altchksumopt:]-tamper{TCP:options-mss:replace:23437}(tamper{TCP:flags:corrupt}(tamper{TCP:dataofs:replace:5}(fragment{tcp:-1:True},),),)-|",1,[0]
0.0,[TCP:options-altchksumopt:]-tamper{TCP:load:replace:}-|[TCP:reserved:1]-tamper{TCP:options-md5header:replace:289352d78a28feb26de2a513167edd1b}-|,1,[0]
0.0,"[TCP:options-altchksumopt:]-tamper{TCP:options-timestamp:replace:2063354412}(duplicate,)-|",1,[0]
0.0,"[TCP:options-altchksumopt:]-tamper{TCP:sport:corrupt}(fragment{tcp:-1:True},)-|",1,[0]
0.0,[TCP:ack:2005227726:1]-tamper{TCP:sport:corrupt}-|,1,[0]
0.0,[TCP:options-altchksumopt:]-fragment{ip:-1:True:5}-|,1,[0]
0.0,[TCP:ack:2005227726:1]-tamper{TCP:ack:replace:81358098}-|,1,[0]
0.0,"[TCP:options-altchksumopt:]-duplicate(,tamper{TCP:options-wscale:corrupt}(fragment{tcp:25:True}(tamper{TCP:ack:replace:3283364839}(duplicate,),),))-|",1,[0]
0.0,"[TCP:ack:2005227726:1]-fragment{tcp:-1:True:5}(duplicate,)-|",1,[0]
0.0,"[TCP:options-altchksumopt:]-tamper{TCP:options-timestamp:corrupt}(tamper{TCP:options-timestamp:replace:2538065211},)-|",1,[0]
0.0,"[TCP:options-altchksumopt:]-tamper{TCP:options-altchksumopt:corrupt}(fragment{tcp:-1:False},)-|",1,[0]
0.0,"[TCP:options-nop::0]-tamper{TCP:options-nop:replace:}(tamper{TCP:options-md5header:corrupt}(fragment{tcp:-1:True},),)-|",1,[0]
0.0,[TCP:dataofs:10]-tamper{TCP:ack:replace:551968607}-|,1,[0]
0.0,"[TCP:options-eol:]-duplicate(tamper{TCP:options-md5header:corrupt},)-|",1,[0]
0.0,[TCP:options-nop:]-duplicate-|[TCP:reserved:0]-drop-|,1,[0]
0.0,[TCP:options-timestamp:3308810486]-tamper{TCP:options-nop:corrupt}-|,1,[0]
0.0,"[TCP:options-altchksumopt:]-tamper{TCP:options-altchksumopt:corrupt}(duplicate,)-|[TCP:window:50]-duplicate-|",1,[0]
0.0,"[TCP:options-altchksumopt:]-tamper{TCP:seq:replace:2055476593}(fragment{ip:-1:False}(fragment{tcp:-1:True},),)-|",1,[0]
0.0,"[TCP:options-altchksumopt:]-fragment{tcp:-1:False:29}(tamper{TCP:window:replace:140},)-|[TCP:options-altchksumopt::1]-tamper{TCP:options-eol:replace:}-|",1,[0]
0.0,[TCP:options-nop:]-duplicate-|[TCP:options-eol:]-tamper{TCP:options-md5header:replace:8cb23c1cbc412acf6316493b5eae9fd5}-|,1,[0]
0.0,"[TCP:options-sackok::0]-tamper{TCP:options-mss:replace:44770}(duplicate(tamper{TCP:dport:corrupt}(duplicate,),),)-|",1,[0]
0.0,[TCP:options-altchksumopt:]-tamper{TCP:dataofs:replace:14}-|,1,[0]
0.0,"[TCP:options-altchksumopt:]-fragment{tcp:-1:False:29}(tamper{TCP:flags:corrupt}(tamper{TCP:options-md5header:replace:71849fa36e99b7675ed5c1da7713149a},),)-|",1,[0]
0.0,"[TCP:options-sackok::0]-tamper{TCP:window:replace:100}(duplicate(tamper{TCP:dport:corrupt},),)-|",1,[0]
0.0,[TCP:options-nop:]-duplicate-|[TCP:options-sack:]-|,1,[0]
0.0,[TCP:options-md5header:05f5345dcf5c71a1e7bab883392e8b26]-duplicate-|,1,[0]
0.0,"[TCP:options-altchksumopt:]-duplicate(,tamper{TCP:options-wscale:corrupt}(duplicate(,duplicate),))-|",1,[0]
0.0,"[TCP:options-nop:]-duplicate-|[TCP:options-sack:]-tamper{TCP:options-eol:replace:}(fragment{tcp:-1:True},)-|",1,[0]
0.0,"[TCP:options-altchksumopt:]-tamper{TCP:options-altchksumopt:replace:}(tamper{TCP:options-altchksumopt:corrupt},)-|",1,[0]
0.0,"[TCP:options-altchksumopt:]-tamper{TCP:options-timestamp:corrupt}(tamper{TCP:window:replace:80}(duplicate(duplicate,),),)-|",1,[0]
0.0,"[TCP:options-nop:]-tamper{TCP:options-wscale:replace:168}(duplicate,)-|",1,[0]
0.0,"[TCP:options-eol:]-tamper{TCP:load:corrupt}(tamper{TCP:options-mss:replace:9954}(tamper{TCP:sport:replace:43833},),)-|[TCP:options-sackok::0]-tamper{TCP:load:corrupt}-|",1,[0]
0.0,[TCP:options-altchksumopt:]-tamper{TCP:seq:replace:305640865}-|,1,[0]
0.0,"[TCP:options-nop:]-tamper{TCP:options-altchksumopt:replace:}(tamper{TCP:chksum:replace:36428},)-|",1,[0]
0.0,[TCP:options-nop:]-tamper{TCP:urgptr:replace:38540}-|[TCP:options-sack:]-tamper{TCP:chksum:replace:8249}-|,1,[0]
0.0,"[TCP:options-nop:]-duplicate(,tamper{TCP:options-md5header:corrupt})-|",1,[0]
0.0,[TCP:options-sackok:]-tamper{TCP:options-timestamp:corrupt}-|,1,[0]
0.0,[TCP:options-eol:]-tamper{TCP:options-nop:replace:}-|,1,[0]
0.0,"[TCP:options-eol:]-duplicate(tamper{TCP:options-altchksumopt:corrupt}(tamper{TCP:seq:replace:35091509},),tamper{TCP:options-wscale:corrupt})-|",1,[0]
0.0,"[TCP:options-nop:]-tamper{TCP:options-mss:replace:62567}-|[TCP:options-sack:]-tamper{TCP:options-sackok:corrupt}(duplicate,)-|",1,[0]
0.0,"[TCP:options-sackok:]-duplicate(tamper{TCP:options-nop:corrupt},)-|[TCP:options-eol::0]-fragment{tcp:7:False:42}-|",1,[0]
0.0,"[TCP:options-timestamp:4217481651]-duplicate(tamper{TCP:seq:corrupt},)-|",1,[0]
0.0,"[TCP:options-altchksumopt:]-tamper{TCP:options-sackok:corrupt}(tamper{TCP:dport:replace:4475},)-|",1,[0]
0.0,"[TCP:options-altchksumopt:]-fragment{tcp:-1:False:5}(fragment{tcp:-1:True},)-|[TCP:options-nop:]-fragment{tcp:-1:True}-|",1,[0]
0.0,[TCP:options-nop:]-fragment{tcp:-1:True}-|,1,[0]
0.0,"[TCP:options-sackok:]-duplicate(tamper{TCP:seq:replace:2513476431},drop)-|",1,[0]
0.0,[TCP:load:__DNS_REQUEST__]-duplicate-|,1,[0]
0.0,"[TCP:options-nop:]-tamper{TCP:options-eol:replace:}(tamper{TCP:urgptr:replace:19361},)-|",1,[0]
0.0,"[TCP:options-altchksumopt:]-tamper{TCP:seq:replace:2055476593}(tamper{TCP:options-timestamp:corrupt}(duplicate,),)-|",1,[0]
0.0,"[TCP:options-nop:]-tamper{TCP:urgptr:replace:38540}(duplicate,)-|[TCP:options-sack:]-tamper{TCP:load:replace:__DNS_REQUEST__}-|",1,[0]
0.0,"[TCP:options-altchksumopt:]-tamper{TCP:load:corrupt}(tamper{TCP:window:replace:80}(duplicate(duplicate,),),)-|",1,[0]
0.0,"[TCP:options-altchksumopt:]-tamper{TCP:options-eol:replace:}(tamper{TCP:window:corrupt},)-|",1,[0]
0.0,"[TCP:options-altchksumopt:]-tamper{TCP:options-uto:replace:43}(duplicate,)-|",1,[0]
0.0,"[TCP:options-eol::0]-duplicate(,tamper{TCP:options-altchksumopt:replace:})-|",1,[0]
0.0,"[TCP:options-altchksumopt:]-duplicate(,fragment{tcp:-1:False})-|",1,[0]
0.0,[TCP:options-nop:]-tamper{TCP:options-wscale:replace:5}-|[TCP:options-nop:]-duplicate-|,1,[0]
0.0,[TCP:options-altchksumopt::0]-tamper{TCP:options-mss:replace:58191}-|,1,[0]
0.0,"[TCP:dport:20961]-tamper{TCP:sport:corrupt}(fragment{tcp:-1:True},)-|",1,[0]
0.0,"[TCP:options-nop:]-tamper{TCP:options-nop:replace:}(tamper{TCP:options-uto:replace:47},)-|",1,[0]
0.0,[TCP:options-nop:]-duplicate-|[TCP:options-sack:]-duplicate-|,1,[0]
0.0,"[TCP:options-nop:]-fragment{tcp:46:True}(tamper{TCP:window:corrupt}(fragment{tcp:46:True:23},),)-|",1,[0]
0.0,"[TCP:options-altchksumopt:]-fragment{tcp:-1:False:29}(tamper{TCP:window:replace:140}(fragment{tcp:-1:False},),)-|[TCP:options-altchksumopt::0]-tamper{TCP:ack:replace:3178351411}-|",1,[0]
0.0,[TCP:options-altchksumopt:]-fragment{ip:-1:False:25}-|,1,[0]
0.0,[TCP:options-altchksumopt:]-tamper{TCP:options-uto:replace:2}-|,1,[0]
0.0,"[TCP:options-altchksumopt:]-duplicate(tamper{TCP:options-wscale:corrupt}(fragment{tcp:25:True}(tamper{TCP:ack:replace:3283364839}(duplicate,),),),)-|",1,[0]
0.0,"[TCP:options-eol::0]-tamper{TCP:ack:replace:81358098}(fragment{tcp:-1:True},)-|",1,[0]
0.0,"[TCP:options-altchksumopt:]-tamper{TCP:seq:replace:2055476593}(tamper{TCP:options-eol:corrupt},)-|",1,[0]
0.0,"[TCP:options-altchksumopt:]-tamper{TCP:options-altchksumopt:corrupt}(tamper{TCP:options-timestamp:corrupt},)-|",1,[0]
0.0,"[TCP:options-altchksumopt:]-fragment{tcp:-1:False}(tamper{TCP:load:replace:1un3e502vg},)-|",1,[0]
0.0,"[TCP:options-nop:]-duplicate(tamper{TCP:options-sackok:corrupt},tamper{TCP:options-md5header:corrupt})-|",1,[0]
0.0,"[TCP:options-eol:]-tamper{TCP:chksum:corrupt}(duplicate(,tamper{TCP:reserved:replace:7}),)-|",1,[0]
0.0,"[TCP:options-nop:]-fragment{tcp:-1:True}(tamper{TCP:flags:corrupt}(fragment{tcp:46:True:23},),)-|",1,[0]
0.0,"[TCP:options-nop:]-tamper{TCP:urgptr:replace:38540}(tamper{TCP:flags:replace:SPUC},)-|[TCP:options-sack:]-tamper{TCP:options-altchksumopt:replace:}-|",1,[0]
0.0,"[TCP:load:__DNS_REQUEST__]-duplicate(tamper{TCP:urgptr:corrupt},)-|",1,[0]
0.0,[TCP:options-timestamp:3308810486]-tamper{TCP:options-altchksum:corrupt}-|,1,[0]
0.0,"[TCP:options-nop:]-duplicate(,duplicate(tamper{TCP:sport:replace:33647},))-|[TCP:options-sack:]-tamper{TCP:flags:replace:SRAUCN}-|",1,[0]
0.0,[TCP:chksum:58136:1]-tamper{TCP:options-nop:corrupt}-|,1,[0]
0.0,[TCP:options-sackok:]-tamper{TCP:chksum:replace:33597}-|,1,[0]
0.0,"[TCP:options-eol:]-duplicate(tamper{TCP:options-md5header:corrupt},duplicate)-|",1,[0]
0.0,"[TCP:options-altchksumopt:]-fragment{ip:-1:False:29}(tamper{TCP:seq:replace:4114817671},fragment{tcp:-1:False})-|",1,[0]
0.0,[TCP:options-sackok::0]-tamper{TCP:load:corrupt}-|,1,[0]
0.0,[TCP:options-altchksumopt:]-tamper{TCP:ack:replace:1160044272}-|,1,[0]
0.0,"[TCP:options-sackok:]-fragment{tcp:27:True}(fragment{tcp:-1:False},)-|[TCP:options-altchksumopt:]-|",1,[0]
0.0,"[TCP:options-altchksumopt:]-tamper{TCP:load:replace:__HTTP_REQUEST__}(fragment{tcp:-1:False},)-|",1,[0]
0.0,"[TCP:options-altchksumopt:]-tamper{TCP:options-wscale:corrupt}(duplicate(,duplicate),)-|",1,[0]
0.0,[TCP:options-nop:]-tamper{TCP:urgptr:replace:18597}-|[TCP:options-nop:]-tamper{TCP:options-sackok:replace:}-|,1,[0]
0.0,"[TCP:flags:FRUCN]-duplicate(,fragment{ip:29:False:3})-|",1,[0]
0.0,"[TCP:options-altchksumopt:]-tamper{TCP:chksum:replace:60781}(fragment{ip:-1:False}(fragment{tcp:-1:True},),)-|",1,[0]
0.0,"[TCP:options-altchksumopt:]-duplicate(,tamper{TCP:sport:replace:49964})-|",1,[0]
0.0,"[TCP:options-nop:]-tamper{TCP:options-eol:replace:}(fragment{tcp:-1:False},)-|",1,[0]
0.0,"[TCP:options-nop:]-tamper{TCP:dataofs:replace:13}(fragment{tcp:-1:False}(duplicate,),)-|",1,[0]
0.0,[TCP:options-eol::0]-tamper{TCP:options-altchksum:replace:222}-|,1,[0]
0.0,[TCP:options-nop:]-fragment{tcp:38:True:5}-|,1,[0]
0.0,"[TCP:options-sackok::0]-tamper{TCP:options-mss:replace:44770}(duplicate(tamper{TCP:dport:corrupt}(duplicate(fragment{tcp:-1:False},),),),)-|",1,[0]
0.0,"[TCP:options-altchksumopt:]-tamper{TCP:ack:replace:1657669217}(tamper{TCP:window:corrupt}(duplicate(duplicate,),),)-|",1,[0]
0.0,[TCP:options-altchksumopt:]-tamper{TCP:seq:corrupt}-|[TCP:seq:1977719278]-fragment{tcp:-1:True}-|,1,[0]
0.0,"[TCP:options-altchksum:29]-duplicate(,fragment{tcp:36:False:14})-|",1,[0]
0.0,[TCP:options-eol:]-tamper{TCP:options-mss:replace:46268}-|,1,[0]
0.0,"[TCP:options-nop:]-duplicate(,tamper{TCP:dataofs:replace:8})-|[TCP:options-nop:]-tamper{TCP:sport:replace:31866}-|",1,[0]
0.0,"[TCP:options-nop:]-duplicate-|[TCP:options-nop:]-duplicate(fragment{tcp:-1:False:31},)-|",1,[0]
0.0,"[TCP:options-altchksumopt:]-tamper{TCP:load:corrupt}(duplicate,)-|",1,[0]
0.0,"[TCP:load:30b7bs5tnm]-tamper{TCP:options-sack:corrupt}(tamper{TCP:options-eol:replace:},)-|",1,[0]
0.0,"[TCP:reserved:2]-tamper{TCP:window:replace:100}(duplicate(tamper{TCP:dport:corrupt},),)-|",1,[0]
0.0,"[TCP:options-nop:]-fragment{tcp:-1:True}(tamper{TCP:seq:corrupt}(fragment{tcp:-1:False},),)-|",1,[0]
0.0,"[TCP:options-altchksumopt:]-tamper{TCP:window:replace:100}(tamper{TCP:seq:corrupt},)-|",1,[0]
0.0,"[TCP:options-nop:]-fragment{tcp:-1:True}(duplicate(,duplicate(fragment{tcp:11:False},)),fragment{tcp:-1:False})-|",1,[0]
0.0,"[TCP:options-altchksumopt:]-tamper{TCP:seq:corrupt}(fragment{tcp:-1:True}(fragment{tcp:-1:True},),)-|",1,[0]
0.0,"[TCP:options-altchksumopt:]-duplicate(tamper{TCP:options-mss:replace:57833}(tamper{TCP:sport:replace:49964},),)-|",1,[0]
0.0,[TCP:options-eol::0]-tamper{TCP:reserved:corrupt}-|[TCP:options-altchksum:171]-tamper{TCP:options-altchksumopt:corrupt}-|,1,[0]
0.0,"[TCP:options-altchksumopt:]-fragment{ip:-1:False:23}(tamper{TCP:flags:corrupt}(tamper{TCP:options-md5header:replace:71849fa36e99b7675ed5c1da7713149a},),)-|",1,[0]
0.0,"[TCP:options-altchksumopt:]-tamper{TCP:options-nop:corrupt}(duplicate(,fragment{tcp:-1:False}),)-|",1,[0]
0.0,[TCP:options-altchksumopt:]-fragment{ip:-1:True:37}-|,1,[0]
0.0,"[TCP:options-eol::0]-tamper{TCP:options-eol:corrupt}(duplicate,)-|",1,[0]
0.0,"[TCP:options-nop:]-tamper{TCP:ack:replace:253256885}(duplicate(duplicate,),)-|",1,[0]
0.0,"[TCP:options-sackok:]-tamper{TCP:options-altchksum:replace:197}(tamper{TCP:options-md5header:corrupt}(tamper{TCP:seq:corrupt},),)-|[TCP:options-nop:]-tamper{TCP:options-md5header:corrupt}-|",1,[0]
0.0,"[TCP:options-nop:]-tamper{TCP:options-timestamp:replace:2361407535}(duplicate,)-|",1,[0]
0.0,"[TCP:options-altchksumopt:]-tamper{TCP:options-altchksum:replace:221}(duplicate(,tamper{TCP:chksum:corrupt}),)-|",1,[0]
0.0,"[TCP:options-altchksumopt:]-tamper{TCP:seq:replace:2055476593}(tamper{TCP:sport:corrupt}(tamper{TCP:window:replace:120}(fragment{ip:-1:True:4}(duplicate(tamper{TCP:seq:corrupt},),),),),)-|",1,[0]
0.0,"[TCP:options-nop:]-tamper{TCP:dataofs:replace:8}(duplicate,)-|",1,[0]
0.0,"[TCP:options-nop:]-duplicate(tamper{TCP:options-mss:replace:43916},)-|[TCP:options-nop:]-fragment{tcp:-1:True}-|",1,[0]
0.0,"[TCP:options-altchksumopt:]-tamper{TCP:seq:replace:507678166}-|[TCP:options-altchksumopt:]-duplicate(,fragment{tcp:51:False:37})-|",1,[0]
0.0,[TCP:options-nop:]-tamper{TCP:flags:corrupt}-|,1,[0]
0.0,"[TCP:options-altchksumopt:]-tamper{TCP:options-wscale:replace:180}(tamper{TCP:options-altchksumopt:corrupt},)-|",1,[0]
0.0,"[TCP:options-nop:]-duplicate(fragment{tcp:-1:True}(duplicate(fragment{tcp:-1:False},),),)-|",1,[0]
0.0,"[TCP:options-altchksumopt:]-tamper{TCP:options-uto:replace:250}(duplicate,)-|",1,[0]
0.0,"[TCP:options-eol:]-tamper{TCP:load:corrupt}(duplicate,)-|[TCP:options-nop:]-duplicate-|",1,[0]
0.0,[TCP:dataofs:15]-tamper{TCP:options-nop:corrupt}-|,1,[0]
0.0,[TCP:options-nop:]-tamper{TCP:options-mss:replace:57833}-|[TCP:window:50]-|,1,[0]
0.0,[TCP:window:170]-tamper{TCP:sport:corrupt}-|,1,[0]
0.0,[TCP:options-altchksum:29]-fragment{ip:29:False:3}-|,1,[0]
0.0,"[TCP:options-nop:]-fragment{tcp:-1:True}(tamper{TCP:window:corrupt},)-|",1,[0]
0.0,"[TCP:options-altchksumopt:]-duplicate(tamper{TCP:dport:corrupt}(duplicate(tamper{TCP:options-md5header:corrupt},),),)-|",1,[0]
0.0,"[TCP:options-nop:]-|[TCP:options-nop:]-duplicate(,fragment{tcp:-1:True})-|",1,[0]
0.0,"[TCP:options-altchksumopt:]-tamper{TCP:options-timestamp:replace:2063354412}(fragment{tcp:-1:False}(tamper{TCP:options-wscale:replace:113},),)-|",1,[0]
0.0,"[TCP:options-altchksumopt:]-tamper{TCP:options-altchksum:replace:221}(duplicate(duplicate,duplicate),)-|",1,[0]
0.0,"[TCP:options-nop:]-fragment{tcp:-1:True}(duplicate,duplicate)-|",1,[0]
0.0,[TCP:options-altchksumopt:]-tamper{TCP:dport:replace:60540}-|,1,[0]
0.0,"[TCP:options-sackok::0]-tamper{TCP:load:corrupt}(drop,)-|",1,[0]
0.0,"[TCP:options-altchksumopt:]-fragment{ip:-1:False:29}(tamper{TCP:reserved:corrupt},fragment{tcp:-1:False})-|",1,[0]
0.0,"[TCP:dport:35739]-duplicate(duplicate,)-|",1,[0]
0.0,"[TCP:load:4htqxp1zkh]-duplicate(duplicate,)-|",1,[0]
0.0,[TCP:options-nop:]-tamper{TCP:seq:replace:2191592001}-|,1,[0]
0.0,"[TCP:options-altchksumopt:]-tamper{TCP:options-sack:corrupt}(tamper{TCP:window:replace:120}(fragment{ip:-1:True:4}(duplicate(duplicate,),),),)-|",1,[0]
0.0,"[TCP:seq:3681579642:4]-duplicate(tamper{TCP:urgptr:corrupt}(tamper{TCP:dport:replace:46922},),)-|",1,[0]
0.0,[TCP:options-nop:]-tamper{TCP:urgptr:replace:38540}-|,1,[0]
0.0,"[TCP:options-nop:]-tamper{TCP:options-altchksumopt:replace:}(tamper{TCP:chksum:replace:36428}(tamper{TCP:options-wscale:replace:213},),)-|",1,[0]
0.0,"[TCP:options-altchksumopt:]-fragment{ip:20:True:10}(duplicate,)-|",1,[0]
0.0,[TCP:options-sackok:]-tamper{TCP:options-altchksum:replace:19}-|[TCP:options-eol::0]-tamper{TCP:window:replace:180}-|,1,[0]
0.0,"[TCP:options-timestamp:3308810486]-tamper{TCP:options-nop:corrupt}(tamper{TCP:urgptr:replace:48094},)-|",1,[0]
0.0,"[TCP:options-altchksumopt:]-tamper{TCP:options-timestamp:replace:2063354412}(tamper{TCP:dataofs:replace:3}(duplicate(tamper{TCP:options-mss:replace:13313},duplicate(,fragment{tcp:-1:True})),),)-|",1,[0]
0.0,"[TCP:options-altchksumopt:]-duplicate(,tamper{TCP:options-wscale:corrupt}(duplicate(duplicate,),))-|",1,[0]
0.0,"[TCP:urgptr:1480]-tamper{TCP:options-timestamp:replace:2063354412}(fragment{tcp:-1:False},)-|",1,[0]
0.0,"[TCP:options-altchksumopt:]-tamper{TCP:options-altchksumopt:corrupt}(fragment{tcp:-1:False}(duplicate,),)-|",1,[0]
0.0,"[TCP:options-altchksumopt:]-tamper{TCP:options-timestamp:corrupt}(tamper{TCP:window:replace:80}(duplicate(fragment{tcp:-1:True},),),)-|",1,[0]
0.0,"[TCP:seq:4082688393]-duplicate(tamper{TCP:window:corrupt},)-|",1,[0]
0.0,"[TCP:options-altchksumopt:]-tamper{TCP:options-timestamp:corrupt}(tamper{TCP:options-eol:corrupt},)-|",1,[0]
0.0,"[TCP:options-nop:]-fragment{tcp:-1:True}(tamper{TCP:load:corrupt}(fragment{tcp:46:True:23},),)-|",1,[0]
0.0,"[TCP:options-sackok::0]-tamper{TCP:window:replace:100}(duplicate(,tamper{TCP:dport:corrupt}),)-|",1,[0]
0.0,"[TCP:options-altchksumopt:]-tamper{TCP:options-sackok:replace:}(duplicate,)-|[TCP:options-sack:]-tamper{TCP:options-md5header:replace:289352d78a28feb26de2a513167edd1b}(fragment{tcp:-1:True},)-|",1,[0]
0.0,"[TCP:options-timestamp:4217481651]-duplicate(tamper{TCP:sport:corrupt},tamper{TCP:sport:replace:50167})-|",1,[0]
0.0,"[TCP:options-nop:]-fragment{tcp:-1:True}(tamper{TCP:window:corrupt}(fragment{tcp:46:True:23},),)-|[TCP:options-nop:]-fragment{tcp:-1:False}-|",1,[0]
0.0,"[TCP:options-sackok::0]-tamper{TCP:options-timestamp:corrupt}(tamper{TCP:window:corrupt}(duplicate(,tamper{TCP:options-mss:corrupt}),),)-|",1,[0]
0.0,[TCP:options-altchksumopt:]-tamper{TCP:flags:replace:FA}-|,1,[0]
0.0,[TCP:dataofs:10]-tamper{TCP:seq:replace:862585618}-|,1,[0]
0.0,"[TCP:options-wscale:241]-tamper{TCP:seq:corrupt}(tamper{TCP:options-eol:corrupt},)-|",1,[0]
0.0,"[TCP:reserved:2]-duplicate(tamper{TCP:dport:corrupt},)-|",1,[0]
0.0,"[TCP:options-altchksum:29]-duplicate(,tamper{TCP:dport:replace:34666})-|",1,[0]
0.0,"[TCP:options-altchksumopt:]-fragment{tcp:-1:False:5}(fragment{tcp:-1:False:5},)-|[TCP:options-nop:]-fragment{tcp:-1:True:5}-|",1,[0]
0.0,"[TCP:options-eol::0]-tamper{TCP:chksum:replace:39870}(tamper{TCP:window:corrupt},)-|",1,[0]
0.0,"[TCP:options-altchksumopt:]-duplicate(,duplicate(fragment{tcp:-1:True},duplicate))-|",1,[0]
0.0,"[TCP:options-altchksumopt:]-|[TCP:options-altchksumopt:]-duplicate(fragment{tcp:-1:False},fragment{tcp:51:False:37})-|",1,[0]
0.0,"[TCP:options-nop:]-fragment{tcp:46:True}(fragment{tcp:46:True:23},)-|",1,[0]
0.0,"[TCP:options-altchksumopt:]-tamper{TCP:options-uto:replace:4}(tamper{TCP:sport:replace:57693},)-|",1,[0]
0.0,"[TCP:options-eol:]-fragment{tcp:-1:False}(tamper{TCP:options-wscale:replace:113},)-|",1,[0]
0.0,"[TCP:options-altchksumopt:]-duplicate(,drop)-|[TCP:options-eol:]-tamper{TCP:options-altchksumopt:corrupt}-|",1,[0]
0.0,"[TCP:options-eol:]-duplicate(duplicate,tamper{TCP:options-wscale:corrupt})-|",1,[0]
0.0,"[TCP:ack:2005227726:1]-tamper{TCP:options-uto:replace:32}(tamper{TCP:options-altchksumopt:corrupt}(tamper{TCP:seq:replace:35091509}(tamper{TCP:options-nop:corrupt},),),)-|",1,[0]
0.0,"[TCP:options-altchksumopt:]-duplicate(tamper{TCP:dport:corrupt}(duplicate(fragment{tcp:-1:False},duplicate),),)-|",1,[0]
0.0,"[TCP:options-altchksumopt:]-tamper{TCP:options-timestamp:replace:2063354412}(fragment{tcp:3:False:1}(tamper{TCP:options-wscale:replace:113},),)-|",1,[0]
0.0,"[TCP:options-altchksumopt:]-tamper{TCP:dport:replace:9393}(tamper{TCP:window:replace:120}(duplicate,),)-|",1,[0]
0.0,"[TCP:options-altchksum:132]-duplicate(tamper{TCP:options-altchksumopt:replace:},)-|",1,[0]
0.0,"[TCP:options-nop:]-tamper{TCP:dport:replace:57735}(duplicate(fragment{tcp:-1:True},tamper{TCP:options-eol:replace:}),)-|",1,[0]
0.0,"[TCP:options-sackok:]-fragment{ip:-1:False}(fragment{tcp:-1:False},)-|[TCP:options-altchksumopt:]-tamper{TCP:dport:replace:53386}-|",1,[0]
0.0,"[TCP:options-altchksumopt:]-duplicate(tamper{TCP:options-wscale:corrupt}(fragment{tcp:25:True}(tamper{TCP:ack:replace:3283364839},),),)-|",1,[0]
0.0,[TCP:options-altchksumopt:]-fragment{ip:20:True:10}-|,1,[0]
0.0,"[TCP:options-altchksumopt:]-fragment{tcp:-1:False:5}(tamper{TCP:urgptr:replace:5001},)-|",1,[0]
0.0,"[TCP:options-altchksumopt:]-duplicate(tamper{TCP:options-sackok:replace:},tamper{TCP:chksum:replace:44854})-|",1,[0]
0.0,[TCP:options-nop:]-tamper{TCP:dport:replace:48893}-|,1,[0]
0.0,"[TCP:dataofs:15]-tamper{TCP:options-timestamp:replace:2063354412}(tamper{TCP:dataofs:replace:3}(duplicate(tamper{TCP:options-mss:replace:13313},duplicate(,fragment{tcp:-1:True})),),)-|",1,[0]
0.0,"[TCP:options-altchksumopt:]-duplicate(tamper{TCP:options-md5header:corrupt},duplicate)-|",1,[0]
0.0,[TCP:options-nop:]-tamper{TCP:options-altchksum:corrupt}-|,1,[0]
0.0,"[TCP:options-eol:]-duplicate(tamper{TCP:options-altchksumopt:corrupt}(tamper{TCP:seq:replace:35091509},),)-|",1,[0]
0.0,[TCP:options-sackok::0]-tamper{TCP:load:replace:}-|,1,[0]
0.0,[TCP:options-sack:]-tamper{TCP:flags:corrupt}-|,1,[0]
0.0,[TCP:options-sackok:]-fragment{ip:-1:True}-|,1,[0]
0.0,"[TCP:options-altchksumopt:]-duplicate-|[TCP:options-sack:]-tamper{TCP:options-md5header:replace:289352d78a28feb26de2a513167edd1b}(tamper{TCP:flags:corrupt},)-|",1,[0]
0.0,[TCP:options-altchksumopt:]-fragment{tcp:4:False}-|,1,[0]
0.0,"[TCP:options-altchksumopt:]-tamper{TCP:load:replace:__HTTP_REQUEST__}(fragment{tcp:-1:False}(tamper{TCP:options-altchksum:corrupt},),)-|",1,[0]
0.0,"[TCP:load:30b7bs5tnm]-tamper{TCP:options-altchksumopt:corrupt}(tamper{TCP:options-eol:replace:},)-|",1,[0]
0.0,"[TCP:options-sack:]-tamper{TCP:options-sackok:corrupt}(duplicate,)-|",1,[0]
0.0,"[TCP:options-sackok::0]-tamper{TCP:options-wscale:corrupt}(drop,)-|",1,[0]
0.0,"[TCP:options-altchksumopt:]-tamper{TCP:seq:replace:2055476593}(tamper{TCP:sport:corrupt}(tamper{TCP:window:replace:120}(fragment{ip:-1:True:4}(duplicate(tamper{TCP:seq:corrupt},),),),),)-|[TCP:options-sack:]-duplicate-|",1,[0]
0.0,"[TCP:options-sackok:]-fragment{tcp:-1:True}(drop,)-|",1,[0]
0.0,"[TCP:options-altchksumopt:]-tamper{TCP:options-timestamp:replace:2063354412}(fragment{tcp:-1:False}(tamper{TCP:chksum:replace:61510},),)-|",1,[0]
0.0,"[TCP:options-nop:]-fragment{tcp:46:True}(tamper{TCP:window:corrupt}(fragment{tcp:46:True:23},),tamper{TCP:options-uto:corrupt})-|",1,[0]
0.0,[TCP:options-eol:]-tamper{TCP:chksum:replace:47439}-|,1,[0]
0.0,"[TCP:options-sackok:]-tamper{TCP:options-mss:replace:44770}(fragment{tcp:-1:True},)-|",1,[0]
0.0,[TCP:options-uto:183]-tamper{TCP:chksum:replace:33597}-|,1,[0]
0.0,[TCP:options-timestamp:4217481651]-tamper{TCP:sport:corrupt}-|,1,[0]
0.0,[TCP:options-sack:]-tamper{TCP:flags:replace:SRAUCN}-|,1,[0]
0.0,"[TCP:options-altchksum:29]-duplicate(,fragment{tcp:36:False:14}(duplicate,))-|",1,[0]
0.0,"[TCP:options-nop:]-duplicate-|[TCP:options-nop:]-duplicate(fragment{tcp:-1:True:31},)-|",1,[0]
0.0,"[TCP:reserved:5]-tamper{TCP:options-altchksumopt:replace:}(tamper{TCP:chksum:replace:36428}(tamper{TCP:options-wscale:replace:213},),)-|",1,[0]
0.0,[TCP:options-timestamp:3308810486]-tamper{TCP:reserved:corrupt}-|,1,[0]
0.0,"[TCP:options-nop:]-fragment{tcp:-1:True}(tamper{TCP:dataofs:corrupt}(fragment{tcp:46:True:23},),)-|",1,[0]
0.0,"[TCP:options-altchksumopt:]-tamper{TCP:seq:replace:2055476593}(tamper{TCP:sport:corrupt}(tamper{TCP:window:replace:120}(fragment{ip:-1:True:4}(duplicate(tamper{TCP:seq:corrupt},),drop),),),)-|",1,[0]
0.0,"[TCP:options-altchksumopt:]-tamper{TCP:load:replace:__HTTP_REQUEST__}(fragment{tcp:21:True},)-|",1,[0]
0.0,"[TCP:options-sackok::0]-tamper{TCP:options-timestamp:replace:2063354412}(fragment{tcp:-1:False}(tamper{TCP:options-sackok:replace:},),)-|",1,[0]
0.0,[TCP:options-nop:]-tamper{TCP:urgptr:replace:19361}-|,1,[0]
0.0,"[TCP:options-altchksumopt:]-duplicate(duplicate,tamper{TCP:dport:corrupt})-|",1,[0]
0.0,"[TCP:options-timestamp:3308810486]-tamper{TCP:options-nop:corrupt}(tamper{TCP:urgptr:corrupt},)-|",1,[0]
0.0,"[TCP:options-altchksumopt:]-duplicate(tamper{TCP:dport:corrupt},tamper{TCP:dport:corrupt})-|",1,[0]
0.0,"[TCP:options-uto:94]-duplicate(drop,)-|",1,[0]
0.0,"[TCP:options-md5header:1a8a8f798d7f5dc2c7cf09c366df1c79]-duplicate(duplicate,)-|",1,[0]
0.0,[TCP:window:170]-|,1,[0]
0.0,[TCP:reserved:2]-|,1,[0]
0.0,"[TCP:options-altchksumopt:]-tamper{TCP:options-mss:replace:23437}(tamper{TCP:options-uto:corrupt}(fragment{tcp:-1:True},),)-|",1,[0]
0.0,"[TCP:options-altchksumopt:]-duplicate(tamper{TCP:options-mss:replace:57833}(tamper{TCP:sport:replace:49964},),fragment{tcp:-1:True})-|",1,[0]
0.0,"[TCP:options-altchksumopt:]-tamper{TCP:options-timestamp:replace:2542672757}(fragment{tcp:-1:False},)-|",1,[0]
0.0,"[TCP:options-altchksumopt:]-tamper{TCP:options-uto:replace:4}(tamper{TCP:options-nop:replace:},)-|",1,[0]
0.0,"[TCP:options-nop:]-fragment{tcp:53:True:40}(duplicate(,duplicate(fragment{tcp:11:False},)),fragment{tcp:-1:False})-|",1,[0]
0.0,[TCP:options-altchksumopt:]-tamper{TCP:options-wscale:replace:174}-|,1,[0]
0.0,"[TCP:options-nop:]-duplicate(tamper{TCP:options-sack:corrupt},)-|[TCP:options-sack:]-fragment{tcp:-1:True:5}-|",1,[0]
0.0,"[TCP:options-nop:]-tamper{TCP:options-md5header:replace:2303ef7fe1f41873ae068c431d450454}(duplicate,)-|",1,[0]
0.0,"[TCP:reserved:2]-tamper{TCP:window:replace:100}(duplicate(tamper{TCP:dport:corrupt}(fragment{tcp:-1:True},),),)-|",1,[0]
0.0,[TCP:options-eol:]-tamper{TCP:options-sack:replace:}-|,1,[0]
0.0,"[TCP:options-nop:]-tamper{TCP:options-timestamp:replace:3709407852}(tamper{TCP:flags:replace:SPUC},)-|[TCP:options-sack:]-tamper{TCP:options-eol:replace:}-|",1,[0]
0.0,"[TCP:options-nop:]-|[TCP:options-sack:]-tamper{TCP:options-eol:corrupt}(duplicate,)-|",1,[0]
0.0,"[TCP:options-nop:]-fragment{tcp:-1:True}(,fragment{tcp:-1:False})-|",1,[0]
0.0,"[TCP:dport:35739]-duplicate(,duplicate(,duplicate(fragment{tcp:11:False},)))-|",1,[0]
0.0,"[TCP:options-timestamp:3308810486]-tamper{TCP:options-altchksum:corrupt}(tamper{TCP:options-uto:replace:39},)-|",1,[0]
0.0,"[TCP:options-nop:]-tamper{TCP:options-eol:replace:}(duplicate,)-|",1,[0]
0.0,"[TCP:options-altchksumopt:]-tamper{TCP:options-altchksum:corrupt}(duplicate(,tamper{TCP:chksum:corrupt}),)-|",1,[0]
0.0,[TCP:options-altchksumopt::0]-tamper{TCP:options-nop:replace:}-|,1,[0]
0.0,"[TCP:options-nop:]-tamper{TCP:urgptr:replace:38540}(duplicate,)-|",1,[0]
0.0,[TCP:options-nop:]-fragment{tcp:-1:False:28}-|,1,[0]
0.0,"[TCP:options-nop:]-tamper{TCP:dataofs:replace:8}(tamper{TCP:options-eol:replace:}(tamper{TCP:sport:replace:8111},),)-|",1,[0]
0.0,[TCP:options-nop:]-fragment{tcp:30:False:47}-|,1,[0]
0.0,"[TCP:options-altchksumopt:]-fragment{ip:-1:False:25}(tamper{TCP:dataofs:replace:1},)-|",1,[0]
0.0,"[TCP:options-eol:]-duplicate(tamper{TCP:options-uto:replace:32}(tamper{TCP:options-altchksumopt:corrupt}(tamper{TCP:seq:replace:35091509},),),tamper{TCP:options-wscale:corrupt})-|[TCP:options-altchksumopt:]-duplicate-|",1,[0]
0.0,"[TCP:options-nop:]-tamper{TCP:urgptr:replace:18597}(fragment{tcp:-1:True},)-|[TCP:options-nop:]-|",1,[0]
0.0,"[TCP:options-altchksumopt:]-tamper{TCP:seq:replace:2055476593}(fragment{tcp:-1:False}(tamper{TCP:options-mss:replace:60397},),)-|",1,[0]
0.0,"[TCP:options-altchksumopt:]-tamper{TCP:options-nop:corrupt}(duplicate(,tamper{TCP:sport:corrupt}(tamper{TCP:window:replace:120}(fragment{ip:-1:True:4}(duplicate(tamper{TCP:options-sack:corrupt},),),),)),)-|",1,[0]
0.0,[TCP:options-sack:]-tamper{TCP:options-sackok:corrupt}-|,1,[0]
0.0,"[TCP:seq:4082688393]-duplicate(,duplicate)-|",1,[0]
0.0,"[TCP:options-sackok:]-tamper{TCP:options-timestamp:replace:2063354412}(fragment{tcp:-1:False}(tamper{TCP:options-wscale:replace:113},),)-|",1,[0]
0.0,"[TCP:options-altchksumopt:]-tamper{TCP:load:replace:__HTTP_REQUEST__}(fragment{tcp:32:False:16},)-|",1,[0]
0.0,"[TCP:options-altchksumopt:]-fragment{ip:-1:False:29}(tamper{TCP:options-nop:replace:},fragment{tcp:-1:False})-|",1,[0]
0.0,[TCP:options-nop:]-tamper{TCP:options-wscale:replace:123}-|[TCP:options-nop:]-fragment{tcp:-1:True}-|,1,[0]
0.0,"[TCP:options-nop:]-fragment{tcp:-1:True}(duplicate,)-|",1,[0]
0.0,[TCP:window:170]-tamper{TCP:options-altchksumopt:corrupt}-|,1,[0]
0.0,"[TCP:options-sack:]-tamper{TCP:options-md5header:replace:289352d78a28feb26de2a513167edd1b}(fragment{tcp:-1:True},)-|[TCP:options-altchksumopt:]-tamper{TCP:options-sackok:replace:}(duplicate,)-|",1,[0]
0.0,[TCP:options-altchksumopt:]-tamper{TCP:options-md5header:replace:9c8bbbcd95702b5b28243ae6c939a74a}-|,1,[0]
0.0,[TCP:options-sackok::0]-tamper{TCP:chksum:corrupt}-|,1,[0]
0.0,"[TCP:options-sackok:]-duplicate(fragment{tcp:-1:True}(,drop),tamper{TCP:options-eol:replace:})-|",1,[0]
0.0,[TCP:options-nop:]-tamper{TCP:window:replace:110}-|,1,[0]
0.0,[TCP:options-nop:]-fragment{ip:39:False:24}-|,1,[0]
0.0,"[TCP:options-altchksumopt:]-tamper{TCP:options-altchksumopt:replace:}(duplicate,)-|",1,[0]
0.0,"[TCP:options-altchksumopt:]-fragment{tcp:-1:False:5}(fragment{tcp:-1:True},)-|[TCP:options-nop:]-|",1,[0]
0.0,"[TCP:options-nop:]-fragment{tcp:52:True}(tamper{TCP:window:corrupt},)-|",1,[0]
0.0,"[TCP:options-nop:]-tamper{TCP:options-nop:replace:}(tamper{TCP:options-uto:replace:47}(tamper{TCP:seq:corrupt},),)-|",1,[0]
0.0,"[TCP:options-altchksumopt:]-tamper{TCP:window:replace:100}(tamper{TCP:seq:replace:3563778276},)-|",1,[0]
0.0,"[TCP:options-altchksumopt:]-duplicate(tamper{TCP:options-timestamp:replace:2938679883},)-|",1,[0]
0.0,"[TCP:options-eol:]-duplicate(tamper{TCP:options-wscale:corrupt}(fragment{tcp:25:True}(tamper{TCP:ack:replace:3283364839}(duplicate(,tamper{TCP:options-sackok:corrupt}),),),),)-|",1,[0]
0.0,"[TCP:seq:4082688393]-tamper{TCP:dport:corrupt}(duplicate(tamper{TCP:options-md5header:corrupt},drop),)-|",1,[0]
0.0,"[TCP:ack:2005227726:1]-duplicate(tamper{TCP:dport:corrupt}(duplicate(tamper{TCP:options-md5header:corrupt},),),tamper{TCP:flags:corrupt})-|",1,[0]
0.0,"[TCP:options-nop:]-tamper{TCP:dataofs:replace:8}(tamper{TCP:options-eol:replace:}(tamper{TCP:window:corrupt}(tamper{TCP:options-sackok:corrupt},),),)-|",1,[0]
0.0,[TCP:options-altchksumopt:]-fragment{ip:-1:False:47}-|,1,[0]
0.0,"[TCP:options-altchksumopt:]-tamper{TCP:flags:replace:FA}(tamper{TCP:options-eol:corrupt},)-|",1,[0]
0.0,[TCP:options-altchksumopt:]-fragment{ip:-1:False:35}-|,1,[0]
0.0,"[TCP:options-altchksumopt:]-duplicate(,tamper{TCP:options-nop:replace:})-|",1,[0]
0.0,"[TCP:options-nop:]-tamper{TCP:urgptr:replace:38540}(tamper{TCP:dport:replace:42792},)-|",1,[0]
0.0,"[TCP:options-nop:]-tamper{TCP:dataofs:replace:8}(duplicate(tamper{TCP:chksum:replace:60115},),)-|",1,[0]
0.0,"[TCP:options-altchksumopt:]-duplicate(tamper{TCP:urgptr:corrupt},duplicate)-|",1,[0]
0.0,"[TCP:options-nop:]-tamper{TCP:chksum:replace:10831}(fragment{tcp:-1:False}(drop,),)-|",1,[0]
0.0,"[TCP:options-altchksumopt:]-tamper{TCP:ack:replace:1657669217}(tamper{TCP:window:replace:120}(duplicate,),)-|[TCP:options-sackok:]-fragment{tcp:-1:True}-|",1,[0]
0.0,"[TCP:options-nop:]-fragment{tcp:-1:True}(duplicate(,duplicate),fragment{tcp:-1:False})-|",1,[0]
0.0,"[TCP:options-nop:]-fragment{tcp:-1:True}(tamper{TCP:options-sackok:corrupt}(fragment{tcp:46:True:23},),)-|",1,[0]
0.0,"[TCP:options-sackok::0]-tamper{TCP:options-mss:replace:44770}(duplicate(tamper{TCP:dport:corrupt}(duplicate(fragment{tcp:-1:True:39},),),),)-|",1,[0]
0.0,"[TCP:options-nop:]-tamper{TCP:ack:replace:253256885}(duplicate(tamper{TCP:options-eol:replace:},),)-|",1,[0]
0.0,"[TCP:options-nop:]-duplicate-|[TCP:options-nop:]-duplicate(fragment{tcp:-1:False:31}(duplicate,),)-|",1,[0]
0.0,"[TCP:options-altchksumopt:]-fragment{tcp:-1:True:35}(drop,)-|",1,[0]
0.0,"[TCP:options-nop:]-tamper{TCP:options-uto:replace:170}(fragment{tcp:-1:False}(duplicate,),)-|",1,[0]
0.0,[TCP:options-altchksumopt::0]-tamper{TCP:ack:replace:937246281}-|,1,[0]
0.0,"[TCP:options-nop:]-fragment{tcp:-1:True}(tamper{TCP:window:corrupt},fragment{tcp:-1:False})-|",1,[0]
0.0,"[TCP:seq:2995789550]-tamper{TCP:options-wscale:corrupt}(duplicate(,duplicate),)-|",1,[0]
0.0,"[TCP:options-nop:]-tamper{TCP:options-eol:replace:}(tamper{TCP:options-altchksum:corrupt},)-|",1,[0]
0.0,[TCP:dport:35739]-duplicate-|,1,[0]
0.0,"[TCP:options-timestamp:4217481651]-duplicate(tamper{TCP:options-eol:corrupt},)-|",1,[0]
0.0,[TCP:options-nop:]-fragment{ip:-1:False}-|,1,[0]
0.0,"[TCP:options-nop:]-duplicate(duplicate,fragment{tcp:-1:True})-|",1,[0]
0.0,[TCP:options-timestamp:3308810486]-tamper{TCP:options-uto:replace:39}-|,1,[0]
0.0,"[TCP:options-altchksumopt:]-tamper{TCP:dport:replace:9393}(tamper{TCP:dport:replace:6120}(duplicate,),)-|",1,[0]
0.0,"[TCP:options-altchksumopt:]-duplicate(fragment{tcp:-1:True}(,drop),tamper{TCP:options-eol:replace:}(tamper{TCP:load:replace:ixmlhw68ct},))-|",1,[0]
0.0,"[TCP:options-altchksumopt:]-tamper{TCP:dataofs:corrupt}(fragment{tcp:-1:False},)-|",1,[0]
0.0,"[TCP:urgptr:1480]-tamper{TCP:options-timestamp:replace:2063354412}(fragment{tcp:-1:True:47}(duplicate,),)-|",1,[0]
0.0,"[TCP:options-altchksumopt:]-tamper{TCP:flags:replace:FA}(tamper{TCP:options-eol:replace:},)-|",1,[0]
0.0,[TCP:options-sack:]-tamper{TCP:options-uto:replace:30}-|,1,[0]
0.0,"[TCP:options-altchksumopt:]-tamper{TCP:options-uto:replace:4}(tamper{TCP:sport:replace:51995},)-|",1,[0]
0.0,"[TCP:options-nop:]-tamper{TCP:options-eol:replace:}(tamper{TCP:options-altchksum:corrupt}(duplicate,),)-|",1,[0]
0.0,[TCP:options-timestamp:4217481651]-tamper{TCP:options-altchksumopt:corrupt}-|,1,[0]
0.0,"[TCP:options-nop:]-tamper{TCP:ack:replace:253256885}(duplicate(,tamper{TCP:chksum:replace:35761}),)-|",1,[0]
0.0,"[TCP:options-sackok:]-tamper{TCP:options-mss:replace:44770}(fragment{tcp:-1:True}(tamper{TCP:flags:corrupt},),)-|",1,[0]
0.0,"[TCP:options-nop:]-tamper{TCP:options-nop:replace:}(tamper{TCP:options-md5header:replace:ea1b7bc95fefc44ae255d2b13bd40616}(tamper{TCP:seq:corrupt},),)-|",1,[0]
0.0,"[TCP:flags:UC]-tamper{TCP:options-timestamp:replace:2063354412}(fragment{tcp:-1:False}(tamper{TCP:options-wscale:replace:113},),)-|",1,[0]
0.0,[TCP:options-altchksumopt:]-tamper{TCP:options-md5header:corrupt}-|,1,[0]
0.0,[TCP:window:170]-fragment{tcp:-1:True}-|,1,[0]
0.0,[TCP:options-nop:]-tamper{TCP:options-wscale:replace:123}-|[TCP:options-nop:]-|,1,[0]
0.0,"[TCP:options-nop:]-tamper{TCP:options-sackok:replace:}(fragment{tcp:-1:True}(fragment{tcp:46:True:23},),)-|",1,[0]
0.0,"[TCP:options-altchksumopt:]-fragment{ip:-1:True:29}(duplicate(,duplicate(tamper{TCP:options-nop:replace:},)),)-|",1,[0]
0.0,"[TCP:options-nop:]-tamper{TCP:options-timestamp:replace:3709407852}(tamper{TCP:flags:replace:SPUC}(duplicate,),)-|[TCP:options-sack:]-tamper{TCP:options-eol:replace:}(fragment{tcp:-1:False},)-|",1,[0]
0.0,"[TCP:options-altchksumopt:]-tamper{TCP:options-eol:corrupt}(duplicate(,tamper{TCP:chksum:corrupt}),)-|",1,[0]
0.0,"[TCP:options-altchksumopt:]-tamper{TCP:dport:corrupt}(tamper{TCP:sport:corrupt},)-|",1,[0]
0.0,[TCP:options-altchksumopt:]-fragment{tcp:-1:True:47}-|,1,[0]
0.0,[TCP:options-altchksumopt:]-fragment{tcp:21:True}-|,1,[0]
0.0,"[TCP:options-sackok::0]-duplicate(fragment{tcp:-1:False},)-|",1,[0]
0.0,"[TCP:options-eol:]-duplicate(tamper{TCP:options-uto:replace:32}(tamper{TCP:sport:corrupt}(tamper{TCP:seq:replace:35091509},),),tamper{TCP:options-wscale:corrupt})-|[TCP:options-altchksumopt:]-tamper{TCP:options-wscale:corrupt}(drop,)-|",1,[0]
0.0,"[TCP:options-altchksumopt:]-tamper{TCP:options-altchksumopt:corrupt}(duplicate(duplicate,tamper{TCP:window:replace:30}),)-|",1,[0]
0.0,"[TCP:options-nop:]-fragment{tcp:46:True}(fragment{tcp:-1:True:5},)-|",1,[0]
0.0,"[TCP:options-altchksumopt:]-duplicate(tamper{TCP:options-md5header:corrupt},duplicate(,fragment{tcp:-1:False}))-|",1,[0]
0.0,"[TCP:options-sack:]-tamper{TCP:options-md5header:replace:289352d78a28feb26de2a513167edd1b}(fragment{tcp:-1:True}(tamper{TCP:options-timestamp:corrupt},),)-|[TCP:options-altchksumopt:]-duplicate-|",1,[0]
0.0,"[TCP:options-nop:]-tamper{TCP:flags:corrupt}-|[TCP:options-sack:]-tamper{TCP:options-eol:corrupt}(duplicate,)-|",1,[0]
0.0,[TCP:options-eol:]-tamper{TCP:chksum:corrupt}-|,1,[0]
0.0,"[TCP:options-sackok::0]-fragment{tcp:-1:False}(tamper{TCP:options-sackok:replace:},)-|",1,[0]
0.0,[TCP:options-altchksumopt:]-tamper{TCP:load:replace:__DNS_REQUEST__}-|[TCP:flags:S]-duplicate-|,1,[0]
0.0,"[TCP:options-eol:]-duplicate(fragment{tcp:-1:False},)-|",1,[0]
0.0,"[TCP:ack:2005227726:1]-duplicate(tamper{TCP:dport:corrupt}(duplicate,),tamper{TCP:flags:corrupt})-|",1,[0]
0.0,"[TCP:options-sack:]-tamper{TCP:options-md5header:replace:289352d78a28feb26de2a513167edd1b}(fragment{tcp:-1:True}(fragment{tcp:-1:False},),)-|[TCP:options-altchksumopt:]-tamper{TCP:options-sackok:replace:}(fragment{ip:-1:False:30},)-|",1,[0]
0.0,"[TCP:options-sack:]-duplicate-|[TCP:options-nop:]-duplicate(tamper{TCP:options-sack:corrupt},)-|",1,[0]
0.0,"[TCP:options-altchksumopt:]-tamper{TCP:options-mss:replace:23437}(tamper{TCP:options-wscale:corrupt}(fragment{tcp:-1:True},),)-|",1,[0]
0.0,"[TCP:options-nop:]-fragment{tcp:-1:True}(duplicate(tamper{TCP:options-timestamp:replace:1125662591},duplicate),fragment{tcp:-1:False})-|",1,[0]
0.0,"[TCP:options-nop:]-fragment{tcp:53:True:40}(duplicate(,duplicate(fragment{tcp:11:False},)),fragment{ip:-1:True})-|",1,[0]
0.0,"[TCP:options-nop:]-tamper{TCP:urgptr:replace:18597}(fragment{tcp:-1:True}(duplicate,),)-|[TCP:options-nop:]-duplicate-|",1,[0]
0.0,"[TCP:seq:2995789550]-tamper{TCP:options-wscale:corrupt}(duplicate,)-|",1,[0]
0.0,"[TCP:options-altchksum:29]-fragment{ip:-1:True:4}(duplicate(tamper{TCP:seq:corrupt},),)-|",1,[0]
0.0,"[TCP:options-altchksumopt:]-tamper{TCP:options-wscale:replace:174}(tamper{TCP:dataofs:replace:14},)-|",1,[0]
0.0,"[TCP:seq:3681579642:4]-duplicate(,tamper{TCP:flags:corrupt}(tamper{TCP:dport:replace:46922},))-|",1,[0]
0.0,[TCP:options-altchksumopt:]-tamper{TCP:dport:replace:62528}-|,1,[0]
0.0,"[TCP:seq:3681579642:4]-duplicate(,tamper{TCP:urgptr:corrupt})-|",1,[0]
0.0,"[TCP:options-altchksumopt:]-fragment{ip:-1:False:29}(,fragment{tcp:-1:False})-|",1,[0]
0.0,"[TCP:options-altchksumopt:]-tamper{TCP:dport:corrupt}(duplicate(,fragment{tcp:-1:True}),)-|",1,[0]
0.0,"[TCP:options-timestamp:3308810486]-tamper{TCP:options-altchksumopt:corrupt}(tamper{TCP:seq:corrupt}(duplicate,),)-|",1,[0]
0.0,[TCP:dataofs:10:0]-|,1,[0]
0.0,"[TCP:seq:4082688393]-duplicate(tamper{TCP:options-md5header:corrupt},drop)-|",1,[0]
0.0,[TCP:options-nop:]-fragment{tcp:-1:True}-|[TCP:options-nop:]-tamper{TCP:chksum:replace:44604}-|,1,[0]
0.0,"[TCP:options-altchksumopt:]-tamper{TCP:options-timestamp:replace:2542672757}(fragment{tcp:-1:False}(duplicate,),)-|",1,[0]
0.0,"[TCP:options-altchksumopt:]-tamper{TCP:options-timestamp:corrupt}(tamper{TCP:load:corrupt},)-|",1,[0]
0.0,"[TCP:options-altchksumopt:]-tamper{TCP:reserved:replace:2}(tamper{TCP:load:corrupt},)-|",1,[0]
0.0,"[TCP:options-altchksumopt:]-duplicate-|[TCP:options-sack:]-tamper{TCP:options-md5header:replace:289352d78a28feb26de2a513167edd1b}(tamper{TCP:flags:corrupt},)-|[TCP:options-sackok:]-tamper{TCP:flags:replace:PA}-|",1,[0]
0.0,"[TCP:options-nop:]-fragment{tcp:52:True}(tamper{TCP:window:corrupt},duplicate)-|",1,[0]
0.0,"[TCP:options-nop:]-fragment{tcp:-1:True}(fragment{tcp:46:True:23},duplicate(,tamper{TCP:dataofs:replace:7}))-|",1,[0]
0.0,"[TCP:options-sack::2]-duplicate(,drop)-|[TCP:options-eol:]-|",1,[0]
0.0,"[TCP:options-altchksumopt:]-fragment{tcp:19:False:12}(fragment{tcp:-1:False},)-|",1,[0]
0.0,"[TCP:options-nop:]-tamper{TCP:options-sackok:corrupt}(tamper{TCP:window:corrupt},)-|",1,[0]
0.0,"[TCP:options-nop:]-tamper{TCP:dport:replace:48893}(tamper{TCP:options-altchksum:corrupt},)-|",1,[0]
0.0,"[TCP:options-altchksumopt:]-tamper{TCP:load:replace:__HTTP_REQUEST__}(fragment{tcp:-1:True:38},)-|",1,[0]
0.0,"[TCP:options-altchksumopt:]-duplicate(fragment{tcp:-1:False},drop)-|[TCP:options-eol:]-|",1,[0]
0.0,[TCP:options-uto:94]-fragment{tcp:46:True}-|,1,[0]
0.0,"[TCP:options-altchksumopt:]-fragment{ip:-1:False:25}(tamper{TCP:options-uto:replace:30},)-|",1,[0]
0.0,"[TCP:options-nop:]-tamper{TCP:dataofs:replace:8}(tamper{TCP:options-eol:replace:}(tamper{TCP:window:corrupt}(tamper{TCP:options-sackok:corrupt}(tamper{TCP:options-altchksum:replace:241},),),),)-|",1,[0]
0.0,"[TCP:seq:4082688393]-duplicate(duplicate,duplicate(,tamper{TCP:window:replace:120}))-|",1,[0]
0.0,"[TCP:options-sackok:]-tamper{TCP:options-mss:replace:44770}(fragment{tcp:-1:True}(,duplicate),)-|",1,[0]
0.0,"[TCP:options-nop:]-fragment{tcp:-1:True}(tamper{TCP:dataofs:corrupt},)-|",1,[0]
0.0,[TCP:options-nop:]-tamper{TCP:urgptr:replace:22459}-|,1,[0]
0.0,"[TCP:options-nop:]-tamper{TCP:options-eol:replace:}(tamper{TCP:dport:corrupt},)-|",1,[0]
0.0,[TCP:options-altchksumopt:]-fragment{tcp:32:False:16}-|,1,[0]
0.0,"[TCP:window:20]-duplicate(fragment{tcp:-1:True}(,drop),tamper{TCP:options-eol:replace:})-|",1,[0]
0.0,"[TCP:options-nop:]-fragment{tcp:-1:True}(tamper{TCP:window:corrupt},duplicate)-|",1,[0]
0.0,"[TCP:options-eol:]-duplicate(drop,)-|",1,[0]
0.0,"[TCP:options-nop:]-fragment{tcp:-1:False}(tamper{TCP:options-altchksumopt:corrupt},)-|[TCP:options-nop:]-fragment{tcp:-1:True}(tamper{TCP:options-altchksumopt:replace:},)-|",1,[0]
0.0,[TCP:options-nop:]-tamper{TCP:options-wscale:replace:123}-|,1,[0]
0.0,"[TCP:options-nop:]-tamper{TCP:options-mss:replace:57090}(duplicate,)-|",1,[0]
0.0,"[TCP:options-nop:]-fragment{tcp:-1:True}(duplicate,fragment{tcp:-1:False})-|",1,[0]
0.0,"[TCP:options-altchksumopt:]-fragment{tcp:-1:True:35}(duplicate,)-|",1,[0]
0.0,"[TCP:options-eol:]-tamper{TCP:options-altchksumopt:corrupt}(tamper{TCP:seq:replace:35091509},)-|",1,[0]
0.0,"[TCP:options-md5header:3e3a9d068d95b2071f053e41cd60976d]-tamper{TCP:options-mss:replace:44770}(fragment{tcp:-1:True},)-|",1,[0]
0.0,"[TCP:options-sackok:]-fragment{ip:-1:True}(,tamper{TCP:options-uto:replace:29})-|",1,[0]
0.0,"[TCP:options-altchksum:29]-duplicate(tamper{TCP:dport:replace:34666},)-|",1,[0]
0.0,"[TCP:options-nop:]-tamper{TCP:options-wscale:replace:123}(tamper{TCP:dport:replace:3789},)-|[TCP:options-nop:]-tamper{TCP:window:corrupt}(duplicate(duplicate,),)-|",1,[0]
0.0,[TCP:options-altchksumopt:]-fragment{tcp:-1:True}-|,1,[0]
0.0,"[TCP:options-nop:]-tamper{TCP:ack:replace:253256885}(duplicate(,duplicate),)-|",1,[0]
0.0,"[TCP:options-nop:]-tamper{TCP:options-nop:replace:}(tamper{TCP:options-uto:replace:47}(tamper{TCP:seq:corrupt}(duplicate,),),)-|",1,[0]
0.0,"[TCP:options-altchksumopt:]-|[TCP:options-sack:]-tamper{TCP:options-md5header:replace:289352d78a28feb26de2a513167edd1b}(tamper{TCP:options-nop:corrupt},)-|",1,[0]
0.0,"[TCP:options-eol:]-duplicate(tamper{TCP:options-wscale:corrupt}(fragment{tcp:25:True}(tamper{TCP:ack:replace:3283364839}(duplicate(,tamper{TCP:options-sackok:corrupt}),),tamper{TCP:options-sackok:replace:}),),)-|",1,[0]
0.0,"[TCP:options-sack:]-tamper{TCP:options-md5header:replace:289352d78a28feb26de2a513167edd1b}(tamper{TCP:flags:corrupt},)-|[TCP:options-altchksumopt:]-duplicate-|",1,[0]
0.0,"[TCP:options-sackok:]-duplicate(fragment{tcp:-1:True}(,drop),duplicate)-|",1,[0]
0.0,"[TCP:seq:3681579642:4]-duplicate(,tamper{TCP:urgptr:corrupt}(tamper{TCP:dport:replace:46922}(fragment{tcp:-1:False},),))-|",1,[0]
0.0,"[TCP:dport:35739]-duplicate(,duplicate(,fragment{tcp:-1:True}(,fragment{tcp:-1:False})))-|",1,[0]
0.0,"[TCP:options-nop:]-duplicate(,fragment{tcp:11:False})-|",1,[0]
0.0,"[TCP:options-nop:]-fragment{tcp:46:True}(fragment{tcp:46:True:23},tamper{TCP:options-timestamp:replace:316410053})-|",1,[0]
0.0,"[TCP:options-altchksum:56]-tamper{TCP:options-uto:replace:32}(tamper{TCP:options-altchksumopt:corrupt}(duplicate,),)-|",1,[0]
0.0,"[TCP:options-sackok::0]-tamper{TCP:options-timestamp:replace:2063354412}(fragment{tcp:-1:False}(tamper{TCP:options-sackok:replace:}(tamper{TCP:ack:replace:754154819},),),)-|",1,[0]
0.0,"[TCP:options-altchksumopt:]-tamper{TCP:options-timestamp:corrupt}(tamper{TCP:options-md5header:corrupt},)-|",1,[0]
0.0,"[TCP:options-nop:]-duplicate(,tamper{TCP:reserved:corrupt}(fragment{tcp:-1:False},))-|",1,[0]
0.0,"[TCP:options-eol:]-duplicate(duplicate(,fragment{tcp:-1:True}),tamper{TCP:options-wscale:corrupt})-|",1,[0]
0.0,[TCP:options-altchksumopt:]-fragment{tcp:57:False:28}-|,1,[0]
0.0,"[TCP:seq:3681579642:4]-duplicate(,tamper{TCP:urgptr:corrupt}(tamper{TCP:dport:replace:46922}(tamper{TCP:options-sackok:replace:},),))-|",1,[0]
0.0,"[TCP:options-nop:]-tamper{TCP:dport:replace:57735}(duplicate(,tamper{TCP:options-altchksumopt:replace:}),)-|",1,[0]
0.0,"[TCP:options-altchksumopt:]-tamper{TCP:options-md5header:replace:ee1d63a8cb6a8c581ef90e0ff5a94ddb}(tamper{TCP:sport:replace:57693},)-|",1,[0]
0.0,[TCP:options-altchksumopt::0]-tamper{TCP:flags:replace:FSUEN}-|,1,[0]
0.0,"[TCP:options-uto:94]-duplicate(,drop)-|[TCP:options-eol:]-duplicate(tamper{TCP:options-uto:replace:32}(tamper{TCP:options-altchksumopt:corrupt}(tamper{TCP:seq:replace:35091509},),),tamper{TCP:options-wscale:corrupt})-|[TCP:options-altchksumopt:]-tamper{TCP:sport:replace:24924}-|",1,[0]
0.0,[TCP:options-nop::3]-duplicate-|,1,[0]
0.0,"[TCP:ack:2005227726:1]-duplicate(duplicate,tamper{TCP:flags:corrupt})-|",1,[0]
0.0,"[TCP:options-nop:]-duplicate(duplicate,drop)-|",1,[0]
0.0,"[TCP:options-nop:]-duplicate-|[TCP:options-nop:]-duplicate(fragment{ip:11:False:34},)-|",1,[0]
0.0,"[TCP:options-altchksumopt:]-fragment{tcp:-1:False:5}(fragment{tcp:-1:False:5},)-|[TCP:options-nop:]-fragment{tcp:-1:True:5}(tamper{TCP:options-nop:corrupt},)-|",1,[0]
0.0,"[TCP:options-altchksumopt:]-fragment{tcp:-1:False:5}(tamper{TCP:urgptr:corrupt},)-|",1,[0]
0.0,"[TCP:options-nop:]-fragment{tcp:-1:True}(tamper{TCP:window:corrupt}(fragment{tcp:46:True:23}(tamper{TCP:options-eol:replace:},),),tamper{TCP:dport:replace:34666})-|",1,[0]
0.0,[TCP:options-altchksum:29]-duplicate-|,1,[0]
0.0,[TCP:options-altchksumopt:]-tamper{TCP:dataofs:replace:4}-|,1,[0]
0.0,"[TCP:options-nop:]-tamper{TCP:seq:replace:273597074}(tamper{TCP:options-eol:replace:}(tamper{TCP:sport:replace:8111},),)-|",1,[0]
0.0,"[TCP:options-altchksumopt:]-fragment{ip:-1:True:29}(duplicate(duplicate,),)-|",1,[0]
0.0,"[TCP:options-altchksumopt:]-tamper{TCP:window:replace:100}(tamper{TCP:seq:replace:3563778276}(tamper{TCP:urgptr:corrupt},),)-|",1,[0]
0.0,"[TCP:options-timestamp:3308810486]-tamper{TCP:options-sackok:corrupt}(tamper{TCP:options-uto:replace:39},)-|",1,[0]
0.0,"[TCP:options-altchksumopt:]-duplicate(fragment{tcp:25:True}(tamper{TCP:ack:replace:3283364839},),)-|",1,[0]
0.0,"[TCP:options-altchksumopt:]-tamper{TCP:options-sack:corrupt}(duplicate,)-|",1,[0]
0.0,"[TCP:options-nop:]-tamper{TCP:dataofs:replace:8}(tamper{TCP:options-eol:replace:}(tamper{TCP:window:replace:20}(tamper{TCP:options-sackok:corrupt},),),)-|",1,[0]
0.0,"[TCP:options-altchksumopt:]-tamper{TCP:options-altchksumopt:corrupt}(duplicate(,tamper{TCP:window:replace:30}),)-|[TCP:options-nop:]-tamper{TCP:seq:corrupt}-|",1,[0]
0.0,"[TCP:reserved:2]-tamper{TCP:window:replace:100}(duplicate(fragment{tcp:-1:True},),)-|",1,[0]
0.0,[TCP:reserved:5]-duplicate-|,1,[0]
0.0,"[TCP:options-nop:]-tamper{TCP:options-altchksumopt:replace:}(tamper{TCP:chksum:replace:36428}(tamper{TCP:window:replace:90},),)-|",1,[0]
0.0,[TCP:options-nop:]-tamper{TCP:ack:replace:2725495012}-|,1,[0]
0.0,"[TCP:options-sackok:]-tamper{TCP:options-mss:replace:44770}(fragment{tcp:-1:True:35},)-|",1,[0]
0.0,"[TCP:options-altchksumopt:]-fragment{tcp:-1:True}(tamper{TCP:ack:corrupt},)-|",1,[0]
0.0,"[TCP:options-nop:]-tamper{TCP:dport:corrupt}(duplicate,)-|",1,[0]
0.0,"[TCP:options-altchksumopt:]-duplicate(tamper{TCP:dport:corrupt},fragment{tcp:46:True})-|",1,[0]
0.0,"[TCP:options-altchksumopt:]-tamper{TCP:options-eol:replace:}(duplicate,)-|",1,[0]
0.0,"[TCP:options-altchksumopt:]-tamper{TCP:options-nop:corrupt}(duplicate(,tamper{TCP:window:replace:120}(fragment{ip:-1:True:4}(duplicate(tamper{TCP:options-sack:corrupt},),),)),)-|",1,[0]
0.0,"[TCP:options-altchksumopt:]-tamper{TCP:ack:replace:1657669217}(tamper{TCP:window:corrupt}(duplicate(,duplicate(duplicate,)),),)-|",1,[0]
0.0,"[TCP:options-altchksumopt:]-duplicate(tamper{TCP:flags:corrupt}(fragment{tcp:25:True}(tamper{TCP:ack:replace:3283364839},),),)-|",1,[0]
0.0,"[TCP:options-altchksumopt:]-fragment{tcp:-1:False:29}(tamper{TCP:options-nop:replace:},fragment{tcp:-1:False})-|",1,[0]
0.0,"[TCP:options-wscale:38]-duplicate(fragment{tcp:-1:True}(,drop),tamper{TCP:options-eol:replace:})-|",1,[0]
0.0,"[TCP:options-nop:]-duplicate(duplicate,)-|[TCP:options-nop:]-duplicate-|",1,[0]
0.0,"[TCP:options-altchksumopt:]-tamper{TCP:ack:replace:1304000191}(duplicate,)-|",1,[0]
0.0,"[TCP:dport:35739]-duplicate(,duplicate(,duplicate(,fragment{tcp:11:False})))-|",1,[0]
0.0,"[TCP:options-altchksumopt:]-tamper{TCP:load:corrupt}(duplicate(,duplicate(tamper{TCP:options-timestamp:replace:84707830},)),)-|",1,[0]
0.0,"[TCP:options-nop:]-fragment{tcp:-1:True}(fragment{tcp:-1:True:23},)-|",1,[0]
0.0,[TCP:options-uto:183]-tamper{TCP:options-timestamp:replace:1997866783}-|,1,[0]
0.0,"[TCP:options-altchksum:29]-duplicate(fragment{tcp:36:False:14},tamper{TCP:reserved:replace:6})-|",1,[0]
0.0,"[TCP:options-altchksumopt:]-fragment{tcp:19:False:12}(duplicate,)-|",1,[0]
0.0,[TCP:options-nop:]-tamper{TCP:options-wscale:replace:200}-|,1,[0]
0.0,[TCP:options-nop:]-tamper{TCP:seq:replace:1152942047}-|,1,[0]
0.0,"[TCP:options-altchksumopt:]-duplicate(tamper{TCP:urgptr:corrupt},drop)-|",1,[0]
0.0,"[TCP:options-altchksumopt:]-duplicate(,duplicate(fragment{tcp:-1:True},duplicate))-|[TCP:options-altchksumopt:]-tamper{TCP:urgptr:replace:23925}-|",1,[0]
0.0,"[TCP:options-altchksumopt:]-duplicate(,fragment{tcp:-1:False})-|[TCP:options-eol:]-duplicate-|",1,[0]
0.0,"[TCP:options-nop:]-fragment{tcp:53:True:40}(duplicate(drop,duplicate(fragment{tcp:11:False},)),tamper{TCP:options-uto:replace:4})-|",1,[0]
0.0,[TCP:options-altchksumopt:]-fragment{tcp:-1:True:28}-|,1,[0]
0.0,"[TCP:reserved:5]-duplicate(,tamper{TCP:flags:corrupt}(tamper{TCP:dport:replace:46922},))-|",1,[0]
0.0,"[TCP:options-nop:]-fragment{tcp:-1:True}(fragment{tcp:46:True:23},duplicate(tamper{TCP:dataofs:replace:7},))-|",1,[0]
0.0,"[TCP:options-sackok:]-tamper{TCP:options-mss:replace:44770}(fragment{tcp:-1:True:35}(,drop),)-|",1,[0]
0.0,"[TCP:options-sackok:]-tamper{TCP:options-mss:replace:44770}(fragment{tcp:-1:True}(tamper{TCP:flags:corrupt},drop),)-|",1,[0]
0.0,"[TCP:options-altchksumopt:]-|[TCP:options-sack:]-tamper{TCP:urgptr:replace:6223}(tamper{TCP:flags:corrupt}(fragment{tcp:-1:True},),)-|",1,[0]
0.0,[TCP:options-uto:94]-|,1,[0]
0.0,"[TCP:options-eol:]-duplicate(duplicate,tamper{TCP:dport:corrupt}(duplicate,))-|",1,[0]
0.0,"[TCP:options-altchksumopt:]-tamper{TCP:load:corrupt}(tamper{TCP:dataofs:replace:4},)-|",1,[0]
0.0,"[TCP:options-altchksumopt:]-tamper{TCP:options-timestamp:corrupt}(tamper{TCP:load:corrupt}(fragment{tcp:-1:False},),)-|",1,[0]
0.0,"[TCP:options-altchksumopt:]-fragment{tcp:54:False:25}(tamper{TCP:options-uto:replace:30},)-|",1,[0]
0.0,"[TCP:options-nop:]-tamper{TCP:dataofs:replace:13}(duplicate,)-|[TCP:options-eol:]-fragment{tcp:-1:False}-|",1,[0]
0.0,"[TCP:options-nop:]-duplicate(duplicate,fragment{ip:27:True:13})-|",1,[0]
0.0,"[TCP:seq:3681579642:4]-duplicate(,tamper{TCP:seq:corrupt}(tamper{TCP:dport:replace:46922}(tamper{TCP:options-sackok:replace:},),))-|",1,[0]
0.0,[TCP:options-altchksumopt:]-fragment{tcp:56:True}-|,1,[0]
0.0,"[TCP:options-altchksumopt:]-tamper{TCP:dport:corrupt}(duplicate(tamper{TCP:options-eol:corrupt}(duplicate(,tamper{TCP:chksum:corrupt}),),),)-|",1,[0]
0.0,"[TCP:options-nop:]-tamper{TCP:options-md5header:replace:59c1b686616147335720482717158e8f}(tamper{TCP:options-uto:replace:47}(tamper{TCP:seq:corrupt}(duplicate,),),)-|",1,[0]
0.0,"[TCP:options-nop:]-fragment{tcp:-1:True}(tamper{TCP:window:corrupt}(tamper{TCP:options-eol:replace:},),tamper{TCP:dport:replace:34666})-|",1,[0]
0.0,"[TCP:options-nop:]-tamper{TCP:options-sackok:corrupt}(tamper{TCP:options-md5header:corrupt},)-|",1,[0]
0.0,"[TCP:options-nop:]-duplicate(duplicate,tamper{TCP:options-timestamp:corrupt})-|[TCP:options-nop:]-duplicate-|",1,[0]
0.0,"[TCP:options-nop:]-tamper{TCP:options-nop:replace:}(tamper{TCP:seq:corrupt}(duplicate,),)-|",1,[0]
0.0,[TCP:options-nop:]-tamper{TCP:flags:replace:FRPAUEC}-|,1,[0]
0.0,"[TCP:options-eol:]-tamper{TCP:urgptr:replace:39522}(tamper{TCP:options-altchksumopt:corrupt}(duplicate,),)-|",1,[0]
0.0,"[TCP:options-altchksumopt:]-fragment{tcp:-1:True:35}(duplicate(drop,),)-|",1,[0]
0.0,"[TCP:options-eol:]-duplicate(tamper{TCP:options-uto:replace:32}(tamper{TCP:options-altchksumopt:corrupt}(tamper{TCP:options-sack:replace:},),),tamper{TCP:options-wscale:corrupt})-|",1,[0]
0.0,[TCP:options-nop:]-fragment{tcp:-1:True:23}-|,1,[0]
0.0,"[TCP:reserved:2]-tamper{TCP:window:corrupt}(duplicate(fragment{tcp:-1:True},),)-|",1,[0]
0.0,[TCP:options-altchksum:29]-tamper{TCP:options-uto:corrupt}-|,1,[0]
0.0,[TCP:options-eol:]-tamper{TCP:options-eol:replace:}-|,1,[0]
0.0,"[TCP:options-altchksumopt:]-tamper{TCP:options-eol:corrupt}(tamper{TCP:window:corrupt},)-|",1,[0]
0.0,"[TCP:options-nop:]-duplicate(tamper{TCP:dport:corrupt}(tamper{TCP:sport:corrupt},),)-|",1,[0]
0.0,"[TCP:options-altchksumopt:]-duplicate(tamper{TCP:options-eol:corrupt},)-|",1,[0]
0.0,"[TCP:options-altchksumopt:]-fragment{tcp:-1:True}(,drop)-|",1,[0]
0.0,"[TCP:options-timestamp:3308810486]-tamper{TCP:options-uto:replace:39}(tamper{TCP:dataofs:replace:7},)-|",1,[0]
0.0,"[TCP:options-altchksumopt:]-tamper{TCP:load:replace:__DNS_REQUEST__}(fragment{tcp:-1:True:38},)-|",1,[0]
0.0,"[TCP:options-nop:]-fragment{tcp:52:True}(,duplicate)-|",1,[0]
0.0,[TCP:options-altchksumopt:]-duplicate-|[TCP:options-eol:]-tamper{TCP:seq:corrupt}-|,1,[0]
0.0,"[TCP:options-timestamp:3308810486]-duplicate(,tamper{TCP:options-sackok:corrupt})-|",1,[0]
0.0,"[TCP:options-nop:]-tamper{TCP:options-sackok:replace:}(tamper{TCP:options-uto:corrupt},)-|",1,[0]
0.0,[TCP:options-uto:183]-tamper{TCP:flags:replace:PA}-|,1,[0]
0.0,"[TCP:options-eol:]-duplicate(duplicate(,tamper{TCP:options-mss:corrupt}),duplicate)-|",1,[0]
0.0,"[TCP:options-altchksumopt:]-tamper{TCP:options-uto:replace:39}(tamper{TCP:ack:corrupt},)-|",1,[0]
0.0,[TCP:options-timestamp:3308810486]-fragment{tcp:19:True:28}-|,1,[0]
0.0,"[TCP:options-nop:]-duplicate(tamper{TCP:options-nop:corrupt},duplicate)-|",1,[0]
0.0,"[TCP:options-altchksumopt:]-tamper{TCP:options-eol:corrupt}(duplicate(,tamper{TCP:chksum:corrupt}(drop,)),)-|",1,[0]
0.0,"[TCP:options-altchksumopt:]-tamper{TCP:flags:corrupt}(fragment{tcp:25:True}(tamper{TCP:ack:replace:3283364839},),)-|",1,[0]
0.0,[TCP:options-sackok::0]-tamper{TCP:options-sackok:replace:}-|,1,[0]
0.0,[TCP:chksum:58076]-tamper{TCP:load:replace:__DNS_REQUEST__}-|,1,[0]
0.0,"[TCP:options-altchksumopt:]-tamper{TCP:options-mss:replace:44770}(fragment{tcp:-1:True:35}(tamper{TCP:options-nop:corrupt},),)-|[TCP:flags:S]-duplicate-|",1,[0]
0.0,[TCP:options-nop:]-tamper{TCP:options-uto:replace:30}-|,1,[0]
0.0,"[TCP:options-nop:]-tamper{TCP:options-sack:replace:}(fragment{tcp:-1:True}(fragment{tcp:46:True:23},),)-|",1,[0]
0.0,[TCP:options-nop:]-fragment{tcp:15:False}-|[TCP:options-nop:]-|,1,[0]
0.0,[TCP:options-timestamp:4217481651]-tamper{TCP:seq:corrupt}-|,1,[0]
0.0,"[TCP:options-nop:]-fragment{tcp:46:True}(fragment{tcp:46:True:23},tamper{TCP:reserved:replace:5})-|",1,[0]
0.0,[TCP:options-nop:]-fragment{tcp:46:True:23}-|,1,[0]
0.0,"[TCP:options-nop:]-fragment{tcp:-1:True}(fragment{tcp:46:True:23},duplicate(,tamper{TCP:dataofs:replace:7}(tamper{TCP:options-nop:replace:},)))-|",1,[0]
0.0,"[TCP:options-altchksumopt:]-tamper{TCP:options-wscale:replace:71}(tamper{TCP:load:corrupt},)-|",1,[0]
0.0,"[TCP:options-altchksumopt:]-tamper{TCP:options-mss:replace:23437}(fragment{tcp:-1:True},)-|",1,[0]
0.0,[TCP:options-sack:]-|[TCP:options-nop:]-tamper{TCP:options-sack:corrupt}-|,1,[0]
0.0,"[TCP:options-nop:]-duplicate(fragment{tcp:11:False},)-|",1,[0]
0.0,"[TCP:options-nop:]-tamper{TCP:options-sack:corrupt}(tamper{TCP:options-sackok:replace:},)-|[TCP:options-sack:]-tamper{TCP:load:corrupt}-|",1,[0]
0.0,[TCP:options-altchksumopt:]-fragment{tcp:-1:True:46}-|,1,[0]
0.0,"[TCP:options-altchksumopt:]-fragment{tcp:-1:True:35}(duplicate,tamper{TCP:options-sack:corrupt})-|",1,[0]
0.0,"[TCP:options-sackok:]-duplicate(,duplicate)-|",1,[0]
0.0,"[TCP:options-altchksumopt:]-fragment{tcp:-1:False:5}-|[TCP:options-nop:]-fragment{tcp:-1:True:5}(tamper{TCP:options-nop:corrupt},tamper{TCP:window:corrupt})-|",1,[0]
0.0,"[TCP:urgptr:65281]-duplicate(tamper{TCP:options-md5header:corrupt},drop)-|",1,[0]
0.0,[TCP:options-altchksumopt:]-tamper{TCP:sport:replace:23167}-|,1,[0]
0.0,"[TCP:window:20]-duplicate(fragment{tcp:-1:True}(duplicate,drop),tamper{TCP:options-eol:replace:})-|",1,[0]
0.0,"[TCP:options-altchksumopt:]-tamper{TCP:options-md5header:replace:ee1d63a8cb6a8c581ef90e0ff5a94ddb}(tamper{TCP:sport:replace:57693},)-|[TCP:options-sackok:]-duplicate-|",1,[0]
0.0,"[TCP:options-nop:]-tamper{TCP:dport:corrupt}(duplicate(tamper{TCP:options-altchksumopt:corrupt},),)-|",1,[0]
0.0,[TCP:options-nop:]-tamper{TCP:options-sack:corrupt}-|[TCP:options-sack:]-tamper{TCP:options-mss:corrupt}-|,1,[0]
0.0,"[TCP:window:20]-fragment{tcp:-1:True}(,drop)-|",1,[0]
0.0,"[TCP:urgptr:1228:4]-duplicate(fragment{tcp:-1:True}(,drop),tamper{TCP:options-eol:replace:})-|",1,[0]
0.0,"[TCP:options-nop:]-duplicate(fragment{ip:11:False:34},)-|",1,[0]
0.0,"[TCP:options-altchksumopt:]-tamper{TCP:ack:replace:3145587155}(duplicate,)-|",1,[0]
0.0,"[TCP:options-nop:]-tamper{TCP:options-timestamp:replace:3709407852}(tamper{TCP:flags:replace:SPUC}(duplicate(,tamper{TCP:options-timestamp:corrupt}),),)-|[TCP:options-sack:]-tamper{TCP:options-sack:replace:}(fragment{tcp:-1:False},)-|",1,[0]
0.0,"[TCP:dport:35739]-duplicate(,duplicate(fragment{tcp:-1:True}(,fragment{tcp:-1:False}),))-|",1,[0]
0.0,"[TCP:options-altchksum:56]-tamper{TCP:options-uto:replace:32}(duplicate,)-|",1,[0]
0.0,"[TCP:options-sack:]-tamper{TCP:options-md5header:replace:289352d78a28feb26de2a513167edd1b}(tamper{TCP:options-nop:corrupt},)-|",1,[0]
0.0,"[TCP:options-altchksum:56]-tamper{TCP:options-uto:replace:32}(tamper{TCP:options-altchksumopt:corrupt}(duplicate(tamper{TCP:chksum:replace:37295},),),)-|",1,[0]
0.0,"[TCP:options-altchksumopt:]-fragment{tcp:-1:False:5}(tamper{TCP:sport:corrupt},)-|",1,[0]
0.0,"[TCP:options-altchksumopt:]-tamper{TCP:reserved:replace:2}(tamper{TCP:load:corrupt}(tamper{TCP:seq:replace:2197741720},),)-|",1,[0]
0.0,[TCP:options-nop:]-tamper{TCP:load:replace:__HTTP_REQUEST__}-|,1,[0]
0.0,[TCP:options-altchksumopt:]-tamper{TCP:dport:replace:34666}-|,1,[0]
0.0,"[TCP:options-nop:]-tamper{TCP:window:corrupt}(fragment{tcp:-1:False},)-|",1,[0]
0.0,"[TCP:options-nop:]-duplicate(fragment{tcp:-1:True},duplicate)-|",1,[0]
0.0,[TCP:options-nop:]-tamper{TCP:options-uto:corrupt}-|,1,[0]
0.0,"[TCP:seq:4082688393]-duplicate(tamper{TCP:options-md5header:corrupt}(tamper{TCP:flags:corrupt},),drop)-|",1,[0]
0.0,"[TCP:options-eol:]-tamper{TCP:options-altchksumopt:corrupt}(duplicate,)-|",1,[0]
0.0,[TCP:dataofs:10:0]-tamper{TCP:urgptr:replace:6994}-|,1,[0]
0.0,"[TCP:options-nop:]-fragment{tcp:53:True:40}(duplicate(,duplicate(fragment{tcp:11:False},)),fragment{ip:-1:True})-|[TCP:options-sackok:]-duplicate-|",1,[0]
0.0,"[TCP:options-altchksumopt:]-tamper{TCP:options-uto:replace:4}(fragment{tcp:-1:True},)-|",1,[0]
0.0,"[TCP:options-altchksumopt:]-tamper{TCP:ack:replace:1304000191}(duplicate(,fragment{tcp:-1:True}),)-|",1,[0]
0.0,"[TCP:options-nop:]-tamper{TCP:dport:replace:57735}(tamper{TCP:chksum:corrupt},)-|",1,[0]
0.0,"[TCP:options-altchksumopt:]-tamper{TCP:load:replace:__HTTP_REQUEST__}(fragment{tcp:-1:True:38}(duplicate,),)-|",1,[0]
0.0,"[TCP:options-sackok:]-fragment{tcp:-1:True}(,duplicate(tamper{TCP:options-sackok:replace:},))-|",1,[0]
0.0,"[TCP:urgptr:13695]-duplicate(,tamper{TCP:urgptr:corrupt})-|",1,[0]
0.0,"[TCP:options-nop:]-tamper{TCP:reserved:replace:6}(duplicate,)-|",1,[0]
0.0,"[TCP:options-altchksumopt:]-tamper{TCP:options-mss:replace:44770}(fragment{tcp:-1:True:35},)-|",1,[0]
0.0,"[TCP:window:170]-tamper{TCP:ack:corrupt}(fragment{tcp:-1:True},)-|",1,[0]
0.0,[TCP:options-nop:]-tamper{TCP:dport:corrupt}-|[TCP:options-sack:]-tamper{TCP:options-timestamp:corrupt}-|,1,[0]
0.0,[TCP:options-nop:]-tamper{TCP:options-uto:replace:154}-|,1,[0]
0.0,"[TCP:options-altchksumopt:]-tamper{TCP:flags:replace:FA}(tamper{TCP:options-eol:replace:}(tamper{TCP:options-sack:replace:},),)-|",1,[0]
0.0,"[TCP:options-altchksumopt:]-duplicate(tamper{TCP:flags:corrupt}(fragment{tcp:25:True},),)-|",1,[0]
0.0,[TCP:options-altchksumopt:]-fragment{ip:-1:True:29}-|,1,[0]
0.0,"[TCP:options-nop:]-fragment{tcp:52:True}(tamper{TCP:window:corrupt}(tamper{TCP:options-nop:corrupt},),duplicate)-|",1,[0]
0.0,"[TCP:options-altchksumopt:]-fragment{ip:-1:True:29}(duplicate(duplicate,),duplicate)-|",1,[0]
0.0,"[TCP:flags:F]-tamper{TCP:options-timestamp:replace:2063354412}(fragment{tcp:-1:True:47}(duplicate,),)-|",1,[0]
0.0,"[TCP:options-altchksumopt:]-duplicate(duplicate(tamper{TCP:flags:corrupt},),)-|",1,[0]
0.0,"[TCP:options-nop:]-tamper{TCP:options-nop:replace:}(tamper{TCP:seq:corrupt},)-|",1,[0]
0.0,"[TCP:options-altchksumopt:]-tamper{TCP:ack:replace:1657669217}(tamper{TCP:window:corrupt}(duplicate(,duplicate(,duplicate)),),)-|",1,[0]
0.0,"[TCP:options-altchksumopt:]-duplicate(drop,)-|[TCP:options-sack:]-tamper{TCP:flags:corrupt}-|[TCP:options-sackok:]-tamper{TCP:flags:replace:PA}(tamper{TCP:options-wscale:replace:21},)-|",1,[0]
0.0,[TCP:options-altchksumopt:]-tamper{TCP:options-wscale:replace:63}-|,1,[0]
0.0,[TCP:options-sack:]-tamper{TCP:ack:replace:2927857934}-|,1,[0]
0.0,"[TCP:options-eol:]-duplicate(tamper{TCP:options-wscale:corrupt},tamper{TCP:options-uto:replace:32}(tamper{TCP:sport:corrupt}(tamper{TCP:seq:replace:35091509},),))-|[TCP:options-altchksumopt:]-tamper{TCP:options-wscale:corrupt}(drop,)-|",1,[0]
0.0,"[TCP:options-altchksumopt:]-tamper{TCP:options-nop:replace:}(fragment{tcp:-1:False},)-|",1,[0]
0.0,[TCP:options-altchksumopt:]-fragment{ip:-1:False:29}-|,1,[0]
0.0,"[TCP:ack:2005227726:1]-duplicate(duplicate,tamper{TCP:options-altchksum:corrupt})-|",1,[0]
0.0,[TCP:options-nop:]-tamper{TCP:options-md5header:replace:d25faa00129b96b157f0fb9729d779e8}-|,1,[0]
0.0,"[TCP:options-altchksum:29]-duplicate(fragment{tcp:36:False:14},tamper{TCP:reserved:replace:6}(duplicate,))-|",1,[0]
0.0,"[TCP:seq:3681579642:4]-duplicate(duplicate,tamper{TCP:flags:corrupt}(tamper{TCP:dport:replace:46922},))-|",1,[0]
0.0,"[TCP:options-nop:]-tamper{TCP:options-altchksumopt:replace:}(tamper{TCP:chksum:replace:36428}(tamper{TCP:options-md5header:replace:41e9d433d7ed06c88f5c3b26a2222a70},),)-|",1,[0]
0.0,"[TCP:options-altchksumopt:]-tamper{TCP:window:replace:100}(tamper{TCP:seq:corrupt}(tamper{TCP:urgptr:corrupt},),)-|",1,[0]
0.0,"[TCP:options-eol:]-tamper{TCP:options-uto:replace:32}(duplicate,)-|",1,[0]
0.0,"[TCP:options-nop:]-tamper{TCP:options-wscale:replace:123}(tamper{TCP:dport:replace:3789},)-|",1,[0]
0.0,"[TCP:options-nop:]-tamper{TCP:urgptr:replace:22459}(fragment{tcp:-1:False},)-|",1,[0]
0.0,[TCP:options-altchksumopt:]-fragment{ip:-1:False:16}-|,1,[0]
0.0,"[TCP:options-nop:]-tamper{TCP:options-mss:corrupt}(tamper{TCP:options-sackok:corrupt},)-|",1,[0]
0.0,"[TCP:window:170]-fragment{tcp:-1:True}(,fragment{tcp:-1:False})-|",1,[0]
0.0,"[TCP:options-uto:94]-fragment{tcp:-1:False:35}(,tamper{TCP:options-uto:corrupt})-|",1,[0]
0.0,"[TCP:options-altchksumopt:]-duplicate(,drop)-|",1,[0]
0.0,"[TCP:urgptr:46862]-duplicate(,tamper{TCP:options-mss:replace:44770}(duplicate,))-|",1,[0]
0.0,"[TCP:options-nop:]-tamper{TCP:flags:replace:F}(duplicate,)-|",1,[0]
0.0,"[TCP:options-altchksum:56]-tamper{TCP:options-uto:replace:32}(tamper{TCP:options-altchksumopt:corrupt}(tamper{TCP:options-altchksum:replace:5}(duplicate,),),)-|",1,[0]
0.0,"[TCP:seq:3681579642:4]-duplicate(,tamper{TCP:urgptr:corrupt}(tamper{TCP:dport:replace:46922}(fragment{tcp:-1:True},),))-|",1,[0]
0.0,"[TCP:options-nop:]-fragment{tcp:28:False:1}(tamper{TCP:options-altchksumopt:corrupt},)-|[TCP:options-nop:]-fragment{tcp:-1:True}(tamper{TCP:options-altchksumopt:replace:},)-|",1,[0]
0.0,"[TCP:options-sackok::0]-duplicate(fragment{ip:-1:True},)-|",1,[0]
0.0,[TCP:options-altchksumopt:]-fragment{tcp:37:False:35}-|,1,[0]
0.0,[TCP:dataofs:10:0]-tamper{TCP:window:replace:20}-|,1,[0]
0.0,"[TCP:options-sackok:]-tamper{TCP:options-mss:replace:44770}(fragment{tcp:-1:True}(tamper{TCP:options-altchksumopt:corrupt},),)-|",1,[0]
0.0,[TCP:options-nop:]-|[TCP:options-nop:]-duplicate-|,1,[0]
0.0,"[TCP:options-altchksumopt:]-fragment{ip:-1:False:25}(tamper{TCP:options-uto:replace:30},)-|[TCP:options-altchksumopt:]-tamper{TCP:options-timestamp:replace:1757943504}-|",1,[0]
0.0,"[TCP:options-altchksumopt:]-tamper{TCP:options-mss:corrupt}(tamper{TCP:options-sackok:corrupt},)-|",1,[0]
0.0,"[TCP:options-nop:]-fragment{tcp:-1:True}(fragment{tcp:46:True:23}(tamper{TCP:options-sack:replace:},),)-|",1,[0]
0.0,"[TCP:options-nop:]-tamper{TCP:seq:replace:273597074}(tamper{TCP:dport:replace:1229}(tamper{TCP:sport:replace:8111},),)-|",1,[0]
-1000.0,[TCP:options-sackok:]-drop-|,2,"[-1000, -1000]"
-1000.0,[TCP:options-eol::1]-|,2,"[-1000, -1000]"
-1000.0,[TCP:options-sackok:]-|[TCP:options-eol::0]-|,2,"[-1000, -1000]"
-10.0,[TCP:dataofs:2]-drop-|,2,"[-10, -10]"
-10.0,"[TCP:options-altchksum:1]-tamper{TCP:options-nop:corrupt}(duplicate,)-|",2,"[-10, -10]"
-10.0,[TCP:seq:4190712987]-duplicate-|,2,"[-10, -10]"
-5.0,[TCP:load:]-duplicate-|,2,"[-10, 0]"
-5.0,[TCP:options-eol::0]-fragment{tcp:-1:True}-|,2,"[-10, 0]"
0.0,"[TCP:options-altchksumopt:]-duplicate(tamper{TCP:options-uto:corrupt},)-|",2,"[0, 0]"
0.0,"[TCP:options-altchksumopt:]-duplicate(fragment{tcp:-1:False},duplicate)-|",2,"[0, 0]"
0.0,[TCP:options-sackok:]-tamper{TCP:dataofs:corrupt}-|,2,"[0, 0]"
0.0,"[TCP:options-eol:]-duplicate(tamper{TCP:options-timestamp:replace:1286865861},)-|",2,"[0, 0]"
0.0,"[TCP:options-altchksumopt:]-tamper{TCP:options-altchksum:corrupt}(tamper{TCP:ack:replace:507993936},)-|",2,"[0, 0]"
0.0,"[TCP:options-nop:]-duplicate(fragment{tcp:-1:False},)-|",2,"[0, 0]"
0.0,"[TCP:options-altchksumopt:]-tamper{TCP:seq:replace:2055476593}(tamper{TCP:flags:corrupt}(tamper{TCP:window:replace:120},),)-|",2,"[0, 0]"
0.0,"[TCP:options-altchksumopt:]-tamper{TCP:options-mss:replace:23437}(duplicate(duplicate,),)-|",2,"[0, 0]"
0.0,[TCP:options-nop::0]-duplicate-|,2,"[0, 0]"
0.0,"[TCP:options-nop:]-fragment{tcp:-1:True}(tamper{TCP:dport:corrupt},)-|",2,"[0, 0]"
0.0,[TCP:options-uto:242:0]-|,2,"[0, 0]"
0.0,"[TCP:options-altchksumopt:]-duplicate(,tamper{TCP:options-altchksum:corrupt})-|",2,"[0, 0]"
0.0,[TCP:options-sackok:]-fragment{tcp:-1:True}-|[TCP:options-eol::0]-duplicate-|,2,"[0, 0]"
0.0,[TCP:options-eol:]-fragment{tcp:-1:True}-|,2,"[0, 0]"
0.0,"[TCP:options-nop:]-duplicate(tamper{TCP:reserved:replace:5},)-|",2,"[0, 0]"
0.0,"[TCP:options-altchksumopt:]-duplicate(,tamper{TCP:options-uto:corrupt})-|",2,"[0, 0]"
0.0,"[TCP:options-altchksumopt:]-tamper{TCP:seq:replace:2055476593}(tamper{TCP:flags:corrupt}(tamper{TCP:window:replace:120}(fragment{tcp:-1:True},),),)-|",2,"[0, 0]"
0.0,[TCP:options-sackok:]-fragment{tcp:-1:True}-|,2,"[0, 0]"
0.0,"[TCP:options-sackok:]-fragment{tcp:18:False}(tamper{TCP:options-wscale:corrupt},)-|[TCP:options-eol::0]-duplicate-|",2,"[0, 0]"
0.0,"[TCP:options-sack:]-duplicate(,duplicate)-|",2,"[0, 0]"
0.0,[TCP:options-nop:]-tamper{TCP:options-eol:corrupt}-|,2,"[0, 0]"
0.0,[TCP:options-nop:]-tamper{TCP:chksum:corrupt}-|,2,"[0, 0]"
0.0,"[TCP:options-altchksumopt:]-tamper{TCP:seq:replace:2055476593}(tamper{TCP:window:replace:120},)-|",2,"[0, 0]"
0.0,"[TCP:options-sackok::0]-duplicate(duplicate,)-|",2,"[0, 0]"
0.0,[TCP:options-sack:]-tamper{TCP:options-nop:replace:}-|,2,"[0, 0]"
0.0,[TCP:options-nop:]-tamper{TCP:options-sack:corrupt}-|,2,"[0, 0]"
0.0,[TCP:options-nop:]-tamper{TCP:options-timestamp:corrupt}-|,2,"[0, 0]"
0.0,"[TCP:options-altchksumopt:]-duplicate(fragment{tcp:-1:False},)-|",2,"[0, 0]"
0.0,[TCP:options-altchksumopt:]-tamper{TCP:options-altchksum:replace:114}-|,2,"[0, 0]"
0.0,"[TCP:options-nop:]-tamper{TCP:options-sack:corrupt}(tamper{TCP:options-altchksum:corrupt}(tamper{TCP:ack:corrupt},),)-|",2,"[0, 0]"
0.0,"[TCP:options-sackok:]-fragment{tcp:-1:True}(tamper{TCP:options-altchksum:replace:19},)-|[TCP:options-eol::0]-duplicate-|",2,"[0, 0]"
0.0,"[TCP:options-altchksumopt:]-tamper{TCP:options-altchksumopt:corrupt}(fragment{tcp:-1:True},)-|",2,"[0, 0]"
0.0,[TCP:options-eol::1]-tamper{TCP:options-sackok:corrupt}-|,2,"[0, 0]"
0.0,[TCP:options-nop:]-tamper{TCP:options-timestamp:replace:2063354412}-|,2,"[0, 0]"
0.0,[TCP:options-nop:]-tamper{TCP:reserved:corrupt}-|,2,"[0, 0]"
0.0,"[TCP:options-altchksumopt::0]-tamper{TCP:options-sackok:replace:}(duplicate(fragment{tcp:-1:True}(,drop),),)-|",2,"[0, 0]"
0.0,[TCP:options-nop::0]-|,2,"[0, 0]"
0.0,[TCP:options-eol:]-tamper{TCP:flags:replace:SPAUC}-|[TCP:options-sackok::0]-tamper{TCP:load:replace:}-|,2,"[0, 0]"
0.0,[TCP:options-sackok::0]-tamper{TCP:options-mss:replace:44770}-|,2,"[0, 0]"
0.0,"[TCP:options-sackok:]-fragment{tcp:-1:True:24}(tamper{TCP:reserved:replace:2}(tamper{TCP:ack:corrupt},),)-|[TCP:options-eol::0]-duplicate(,duplicate)-|",2,"[0, 0]"
0.0,"[TCP:options-eol:]-duplicate(tamper{TCP:options-uto:replace:32},tamper{TCP:seq:corrupt})-|",2,"[0, 0]"
0.0,"[TCP:options-altchksumopt:]-tamper{TCP:options-timestamp:corrupt}(tamper{TCP:window:replace:120},)-|",2,"[0, 0]"
0.0,[TCP:options-altchksumopt:]-tamper{TCP:seq:corrupt}-|,2,"[0, 0]"
0.0,[TCP:options-nop:]-tamper{TCP:options-sackok:replace:}-|,2,"[0, 0]"
0.0,[TCP:seq:951795732]-duplicate-|,2,"[0, 0]"
0.0,[TCP:options-nop:]-tamper{TCP:options-sack:replace:}-|,2,"[0, 0]"
0.0,"[TCP:options-altchksumopt:]-tamper{TCP:seq:replace:2055476593}(tamper{TCP:sport:corrupt},)-|",2,"[0, 0]"
0.0,[TCP:options-eol:]-tamper{TCP:load:corrupt}-|,2,"[0, 0]"
0.0,"[TCP:options-altchksumopt:]-tamper{TCP:options-timestamp:corrupt}(duplicate(duplicate,),)-|",2,"[0, 0]"
0.0,"[TCP:options-altchksumopt:]-duplicate(,tamper{TCP:urgptr:corrupt})-|",2,"[0, 0]"
0.0,"[TCP:reserved:0]-fragment{tcp:-1:False:22}(,duplicate)-|",2,"[0, 0]"
0.0,[TCP:options-altchksumopt:]-tamper{TCP:seq:replace:3393506649}-|,2,"[0, 0]"
0.0,"[TCP:options-altchksumopt:]-tamper{TCP:seq:replace:2055476593}(tamper{TCP:options-timestamp:corrupt}(tamper{TCP:seq:corrupt},),)-|",2,"[0, 0]"
0.0,"[TCP:options-sack:]-duplicate(tamper{TCP:urgptr:corrupt},)-|",2,"[0, 0]"
0.0,"[TCP:options-altchksumopt:]-tamper{TCP:options-timestamp:corrupt}(tamper{TCP:window:corrupt},)-|",2,"[0, 0]"
0.0,[TCP:options-sackok::0]-tamper{TCP:urgptr:corrupt}-|,2,"[0, 0]"
0.0,"[TCP:options-altchksumopt:]-duplicate(tamper{TCP:urgptr:corrupt},)-|",2,"[0, 0]"
0.0,"[TCP:options-nop:]-fragment{tcp:-1:True}(duplicate(duplicate,duplicate),)-|",2,"[0, 0]"
0.0,"[TCP:options-eol:]-duplicate(duplicate,tamper{TCP:load:replace:__HTTP_REQUEST__})-|",2,"[0, 0]"
0.0,"[TCP:options-eol:]-duplicate(,fragment{ip:29:False:3})-|",2,"[0, 0]"
0.0,"[TCP:options-altchksumopt:]-tamper{TCP:ack:corrupt}(duplicate,)-|",2,"[0, 0]"
0.0,[TCP:options-nop:]-tamper{TCP:ack:replace:253256885}-|,2,"[0, 0]"
0.0,"[TCP:options-timestamp:4217481651]-duplicate(tamper{TCP:sport:replace:57154},)-|",2,"[0, 0]"
0.0,"[TCP:options-altchksumopt:]-tamper{TCP:seq:replace:2055476593}(tamper{TCP:flags:corrupt}(fragment{tcp:14:True:43}(duplicate,),),)-|",2,"[0, 0]"
0.0,[TCP:options-altchksumopt:]-tamper{TCP:options-nop:replace:}-|,2,"[0, 0]"
0.0,"[TCP:options-altchksumopt:]-tamper{TCP:options-timestamp:corrupt}(tamper{TCP:window:replace:80}(duplicate,),)-|",2,"[0, 0]"
0.0,"[TCP:options-altchksumopt:]-tamper{TCP:load:replace:}(duplicate,)-|[TCP:options-sack:]-tamper{TCP:options-md5header:replace:289352d78a28feb26de2a513167edd1b}-|",2,"[0, 0]"
0.0,[TCP:options-sackok::0]-|,2,"[0, 0]"
0.0,[TCP:options-altchksumopt:]-fragment{tcp:-1:True:5}-|[TCP:options-nop:]-fragment{tcp:-1:True}-|,2,"[0, 0]"
0.0,[TCP:options-altchksumopt:]-fragment{tcp:-1:True:35}-|,2,"[0, 0]"
0.0,"[TCP:options-altchksumopt:]-tamper{TCP:seq:replace:2055476593}(duplicate(duplicate,),)-|",2,"[0, 0]"
0.0,"[TCP:options-eol:]-tamper{TCP:load:corrupt}(duplicate,)-|",2,"[0, 0]"
0.0,"[TCP:options-altchksumopt::0]-duplicate(fragment{tcp:-1:True}(,duplicate),)-|",2,"[0, 0]"
0.0,"[TCP:options-altchksumopt::0]-tamper{TCP:options-sackok:replace:}(duplicate(,fragment{tcp:-1:True}(duplicate,drop)),)-|",2,"[0, 0]"
0.0,[TCP:options-altchksumopt:]-fragment{ip:-1:False:5}-|,2,"[0, 0]"
0.0,"[TCP:options-nop:]-duplicate(,fragment{tcp:-1:True})-|",2,"[0, 0]"
0.0,"[TCP:options-sackok::0]-tamper{TCP:load:replace:}(drop,)-|",2,"[0, 0]"
0.0,"[TCP:options-altchksumopt:]-duplicate(tamper{TCP:sport:replace:49964},)-|",2,"[0, 0]"
0.0,[TCP:options-sackok::0]-duplicate-|,2,"[0, 0]"
0.0,"[TCP:options-nop:]-fragment{tcp:-1:False:36}(,tamper{TCP:options-mss:corrupt})-|",2,"[0, 0]"
0.0,[TCP:options-altchksumopt:]-|[TCP:options-eol:]-duplicate-|,2,"[0, 0]"
0.0,"[TCP:options-nop:]-tamper{TCP:dataofs:replace:8}-|[TCP:options-nop:]-duplicate(fragment{tcp:-1:True},)-|",2,"[0, 0]"
0.0,[TCP:options-sack:]-tamper{TCP:options-uto:corrupt}-|,2,"[0, 0]"
0.0,[TCP:dataofs:10:0]-tamper{TCP:seq:corrupt}-|,2,"[0, 0]"
0.0,"[TCP:seq:4082688393]-duplicate(duplicate,)-|",2,"[0, 0]"
0.0,[TCP:options-nop:]-fragment{tcp:-1:False:5}-|,2,"[0, 0]"
0.0,"[TCP:options-altchksumopt:]-tamper{TCP:seq:replace:2055476593}(tamper{TCP:options-eol:corrupt}(duplicate,),)-|",2,"[0, 0]"
0.0,"[TCP:options-altchksumopt:]-tamper{TCP:options-mss:replace:44770}(duplicate,)-|",2,"[0, 0]"
0.0,"[TCP:options-eol:]-duplicate(duplicate,tamper{TCP:options-uto:corrupt}(duplicate,))-|",2,"[0, 0]"
0.0,"[TCP:options-altchksumopt:]-tamper{TCP:seq:replace:2055476593}(tamper{TCP:options-sack:corrupt}(tamper{TCP:window:replace:120}(fragment{ip:-1:True:4}(duplicate(duplicate,),),),),)-|",2,"[0, 0]"
0.0,"[TCP:options-eol:]-duplicate(tamper{TCP:options-timestamp:corrupt},tamper{TCP:options-timestamp:corrupt})-|",2,"[0, 0]"
0.0,[TCP:options-altchksumopt:]-fragment{tcp:-1:False}-|,2,"[0, 0]"
0.0,[TCP:options-timestamp:3308810486]-tamper{TCP:options-sackok:corrupt}-|,2,"[0, 0]"
0.0,[TCP:urgptr:46862]-duplicate-|,2,"[0, 0]"
0.0,"[TCP:options-altchksumopt:]-duplicate(drop,tamper{TCP:urgptr:corrupt})-|",2,"[0, 0]"
0.0,[TCP:options-altchksumopt:]-tamper{TCP:options-uto:replace:4}-|,2,"[0, 0]"
0.0,[TCP:options-altchksumopt:]-duplicate-|[TCP:sport:56193]-duplicate-|,2,"[0, 0]"
0.0,[TCP:options-altchksumopt::0]-tamper{TCP:options-eol:replace:}-|,2,"[0, 0]"
0.0,"[TCP:options-altchksumopt:]-tamper{TCP:options-mss:replace:23437}(tamper{TCP:flags:corrupt}(fragment{tcp:-1:True},),)-|",2,"[0, 0]"
0.0,[TCP:options-altchksumopt::0]-|,2,"[0, 0]"
0.0,"[TCP:options-nop:]-fragment{tcp:-1:True}(tamper{TCP:window:corrupt}(fragment{tcp:46:True:23},),duplicate)-|",2,"[0, 0]"
0.0,"[TCP:options-altchksumopt:]-duplicate(tamper{TCP:options-sackok:replace:},)-|",2,"[0, 0]"
0.0,"[TCP:dataofs:10:0]-tamper{TCP:seq:corrupt}(duplicate,)-|",2,"[0, 0]"
0.0,"[TCP:options-nop:]-tamper{TCP:dport:replace:57735}(duplicate(tamper{TCP:options-altchksumopt:replace:},),)-|",2,"[0, 0]"
0.0,"[TCP:options-nop:]-tamper{TCP:options-wscale:corrupt}(tamper{TCP:options-sackok:corrupt},)-|",2,"[0, 0]"
0.0,"[TCP:options-altchksumopt:]-tamper{TCP:options-uto:corrupt}(fragment{tcp:-1:False},)-|",2,"[0, 0]"
0.0,[TCP:options-altchksumopt:]-fragment{tcp:19:False:12}-|,2,"[0, 0]"
0.0,"[TCP:urgptr:1480]-tamper{TCP:options-timestamp:replace:2063354412}(fragment{tcp:-1:False}(duplicate,),)-|",2,"[0, 0]"
0.0,"[TCP:options-altchksumopt:]-tamper{TCP:ack:replace:1657669217}(tamper{TCP:window:corrupt}(duplicate(duplicate(duplicate,),),),)-|",2,"[0, 0]"
0.0,"[TCP:options-altchksumopt:]-duplicate(tamper{TCP:flags:corrupt}(fragment{tcp:25:True}(tamper{TCP:ack:replace:3283364839}(duplicate,),),),)-|",2,"[0, 0]"
0.0,"[TCP:options-altchksumopt:]-tamper{TCP:options-timestamp:corrupt}(tamper{TCP:dataofs:corrupt},)-|",2,"[0, 0]"
0.0,[TCP:options-nop:]-tamper{TCP:options-sackok:corrupt}-|,2,"[0, 0]"
0.0,"[TCP:options-altchksumopt:]-tamper{TCP:load:corrupt}(duplicate(,duplicate),)-|",2,"[0, 0]"
0.0,"[TCP:options-altchksumopt:]-duplicate(duplicate,duplicate)-|",2,"[0, 0]"
0.0,"[TCP:options-altchksumopt:]-duplicate(tamper{TCP:load:replace:__DNS_REQUEST__},)-|[TCP:flags:S]-duplicate-|",2,"[0, 0]"
0.0,"[TCP:options-nop:]-fragment{tcp:-1:True}(fragment{tcp:46:True:23},)-|",2,"[0, 0]"
0.0,"[TCP:options-nop:]-tamper{TCP:dataofs:replace:13}(duplicate,)-|",2,"[0, 0]"
0.0,"[TCP:options-altchksumopt:]-fragment{ip:-1:True:29}(duplicate(,duplicate),)-|",2,"[0, 0]"
0.0,"[TCP:options-nop:]-fragment{tcp:-1:True}(fragment{tcp:46:True:23},duplicate)-|",2,"[0, 0]"
0.0,"[TCP:options-altchksumopt:]-tamper{TCP:options-eol:corrupt}(duplicate,)-|",2,"[0, 0]"
0.0,"[TCP:seq:3681579642:4]-duplicate(,tamper{TCP:urgptr:corrupt}(tamper{TCP:dport:replace:46922},))-|",2,"[0, 0]"
0.0,"[TCP:options-altchksumopt:]-tamper{TCP:options-altchksumopt:corrupt}(duplicate(,tamper{TCP:window:replace:30}),)-|",2,"[0, 0]"
0.0,[TCP:options-altchksumopt:]-fragment{tcp:-1:False:35}-|,2,"[0, 0]"
0.0,"[TCP:options-altchksumopt:]-tamper{TCP:options-uto:replace:32}(tamper{TCP:load:corrupt},)-|",2,"[0, 0]"
0.0,"[TCP:options-altchksum:29]-duplicate(fragment{tcp:36:False:14},)-|",2,"[0, 0]"
0.0,"[TCP:options-altchksumopt:]-tamper{TCP:dport:corrupt}(duplicate,)-|",2,"[0, 0]"
0.0,"[TCP:options-eol:]-tamper{TCP:options-uto:replace:32}(tamper{TCP:options-altchksumopt:corrupt}(duplicate,),)-|",2,"[0, 0]"
0.0,[TCP:options-nop:]-tamper{TCP:options-sack:corrupt}-|[TCP:options-sack:]-|,2,"[0, 0]"
0.0,[TCP:options-altchksum:29]-tamper{TCP:dport:replace:34666}-|,2,"[0, 0]"
0.0,[TCP:options-timestamp:3308810486]-tamper{TCP:seq:corrupt}-|,2,"[0, 0]"
0.0,"[TCP:options-nop:]-tamper{TCP:urgptr:replace:62629}(duplicate,)-|",2,"[0, 0]"
0.0,"[TCP:options-sack:]-tamper{TCP:options-sackok:corrupt}(duplicate(duplicate,),)-|",2,"[0, 0]"
0.0,"[TCP:options-timestamp:3308810486]-tamper{TCP:options-eol:replace:}(duplicate,)-|",2,"[0, 0]"
0.0,"[TCP:options-altchksumopt:]-duplicate(drop,tamper{TCP:urgptr:corrupt}(duplicate,))-|",2,"[0, 0]"
0.0,"[TCP:options-altchksumopt:]-fragment{tcp:-1:False:35}(,tamper{TCP:options-eol:corrupt})-|",2,"[0, 0]"
0.0,"[TCP:options-altchksumopt:]-duplicate(tamper{TCP:options-eol:replace:},fragment{tcp:-1:True}(,drop))-|",2,"[0, 0]"
0.0,"[TCP:options-altchksumopt:]-duplicate-|[TCP:options-sack:]-tamper{TCP:options-md5header:replace:289352d78a28feb26de2a513167edd1b}(tamper{TCP:flags:corrupt}(fragment{tcp:-1:True},),)-|",2,"[0, 0]"
0.0,"[TCP:options-nop:]-tamper{TCP:window:corrupt}(duplicate,)-|",2,"[0, 0]"
0.0,"[TCP:options-nop:]-tamper{TCP:dataofs:replace:13}(duplicate(fragment{tcp:-1:True},),)-|",2,"[0, 0]"
0.0,"[TCP:options-nop:]-tamper{TCP:dataofs:replace:8}(tamper{TCP:options-eol:replace:}(tamper{TCP:options-sackok:corrupt},),)-|",2,"[0, 0]"
0.0,"[TCP:options-sack::1]-duplicate(,drop)-|[TCP:options-eol:]-fragment{tcp:-1:False}-|",2,"[0, 0]"
-1000.0,[TCP:reserved:0]-|,3,"[-1000, -1000, -1000]"
-333.3333333333333,[TCP:options-sackok::0]-drop-|,3,"[-1000, 0, 0]"
-10.0,[TCP:flags:FSRPAUEC]-duplicate-|,3,"[-10, -10, -10]"
-10.0,[TCP:urgptr:15195]-fragment{tcp:-1:True}-|,3,"[-10, -10, -10]"
0.0,"[TCP:options-nop:]-duplicate(drop,)-|",3,"[0, 0, 0]"
0.0,[TCP:options-altchksumopt:]-tamper{TCP:flags:corrupt}-|,3,"[0, 0, 0]"
0.0,[TCP:options-sackok:]-tamper{TCP:options-nop:corrupt}-|,3,"[0, 0, 0]"
0.0,[TCP:reserved:0]-duplicate-|,3,"[0, 0, 0]"
0.0,"[TCP:options-altchksumopt:]-tamper{TCP:options-mss:replace:23437}(duplicate(,duplicate),)-|",3,"[0, 0, 0]"
0.0,[TCP:options-nop:]-tamper{TCP:options-eol:replace:}-|,3,"[0, 0, 0]"
0.0,"[TCP:options-eol:]-duplicate(duplicate,)-|",3,"[0, 0, 0]"
0.0,"[TCP:options-nop:]-fragment{tcp:-1:True}(duplicate(duplicate,),)-|",3,"[0, 0, 0]"
0.0,"[TCP:options-altchksumopt:]-tamper{TCP:seq:replace:2055476593}(duplicate,)-|",3,"[0, 0, 0]"
0.0,"[TCP:options-altchksumopt:]-tamper{TCP:options-timestamp:corrupt}(tamper{TCP:window:replace:120}(duplicate,),)-|",3,"[0, 0, 0]"
0.0,[TCP:options-altchksumopt:]-tamper{TCP:options-uto:corrupt}-|,3,"[0, 0, 0]"
0.0,"[TCP:options-altchksumopt:]-duplicate(tamper{TCP:dport:corrupt}(duplicate,),)-|",3,"[0, 0, 0]"
0.0,[TCP:options-altchksumopt:]-tamper{TCP:options-eol:corrupt}-|,3,"[0, 0, 0]"
0.0,"[TCP:options-sackok::0]-tamper{TCP:options-mss:replace:44770}(duplicate,)-|",3,"[0, 0, 0]"
0.0,[TCP:options-altchksumopt:]-tamper{TCP:ack:corrupt}-|,3,"[0, 0, 0]"
0.0,"[TCP:options-altchksumopt:]-duplicate(,tamper{TCP:options-mss:replace:57833}(duplicate,))-|",3,"[0, 0, 0]"
0.0,[TCP:options-nop:]-tamper{TCP:dport:replace:57735}-|,3,"[0, 0, 0]"
0.0,"[TCP:options-altchksumopt:]-duplicate(drop,)-|",3,"[0, 0, 0]"
0.0,[TCP:seq:4082688393]-duplicate-|,3,"[0, 0, 0]"
0.0,"[TCP:options-altchksumopt:]-fragment{tcp:-1:True:29}(duplicate,)-|",3,"[0, 0, 0]"
0.0,"[TCP:options-eol:]-duplicate(tamper{TCP:options-uto:replace:32}(tamper{TCP:options-altchksumopt:corrupt}(tamper{TCP:seq:replace:35091509},),),tamper{TCP:options-wscale:corrupt})-|",3,"[0, 0, 0]"
0.0,"[TCP:options-altchksumopt:]-tamper{TCP:window:corrupt}(duplicate,)-|",3,"[0, 0, 0]"
0.0,"[TCP:options-eol:]-duplicate(,drop)-|",3,"[0, 0, 0]"
0.0,"[TCP:options-altchksumopt:]-duplicate(,tamper{TCP:dport:corrupt})-|",3,"[0, 0, 0]"
0.0,"[TCP:options-nop:]-tamper{TCP:dataofs:replace:8}(fragment{tcp:-1:True:47},)-|",3,"[0, 0, 0]"
0.0,"[TCP:urgptr:46862]-duplicate(tamper{TCP:options-mss:replace:44770}(duplicate,),)-|",3,"[0, 0, 0]"
0.0,"[TCP:options-altchksumopt:]-fragment{ip:-1:True:29}(duplicate,)-|",3,"[0, 0, 0]"
0.0,[TCP:options-altchksumopt:]-tamper{TCP:window:corrupt}-|,3,"[0, 0, 0]"
0.0,"[TCP:seq:4082688393]-duplicate(duplicate,duplicate)-|",3,"[0, 0, 0]"
0.0,[TCP:options-altchksumopt:]-fragment{tcp:-1:True:5}-|,3,"[0, 0, 0]"
0.0,"[TCP:options-altchksumopt:]-duplicate(,duplicate(,duplicate))-|",3,"[0, 0, 0]"
0.0,"[TCP:options-eol:]-tamper{TCP:options-uto:replace:32}(tamper{TCP:options-altchksumopt:corrupt},)-|",3,"[0, 0, 0]"
0.0,"[TCP:options-nop:]-fragment{tcp:-1:True}(duplicate(duplicate,duplicate),tamper{TCP:ack:corrupt})-|",3,"[0, 0, 0]"
0.0,"[TCP:options-nop:]-tamper{TCP:options-md5header:corrupt}(duplicate,)-|",3,"[0, 0, 0]"
0.0,[TCP:options-altchksumopt:]-tamper{TCP:load:corrupt}-|,3,"[0, 0, 0]"
0.0,"[TCP:options-eol:]-duplicate(duplicate,duplicate)-|",3,"[0, 0, 0]"
0.0,"[TCP:options-nop:]-duplicate(duplicate,duplicate)-|",3,"[0, 0, 0]"
-1000.0,[TCP:options-altchksumopt:]-drop-|,4,"[-1000, -1000, -1000, -1000]"
-750.0,[TCP:options-sack::0]-|,4,"[-1000, -1000, -1000, 0]"
0.0,[TCP:options-sackok:]-duplicate-|,4,"[0, 0, 0, 0]"
0.0,"[TCP:options-sackok::0]-duplicate(,duplicate)-|",4,"[0, 0, 0, 0]"
0.0,"[TCP:options-sackok:]-duplicate(duplicate,)-|",4,"[0, 0, 0, 0]"
0.0,[TCP:options-altchksumopt:]-tamper{TCP:options-altchksum:corrupt}-|,4,"[0, 0, 0, 0]"
0.0,[TCP:options-nop:]-tamper{TCP:options-altchksumopt:replace:}-|,4,"[0, 0, 0, 0]"
0.0,"[TCP:options-altchksumopt:]-duplicate(tamper{TCP:options-uto:corrupt}(duplicate,),)-|",4,"[0, 0, 0, 0]"
0.0,[TCP:options-altchksumopt:]-fragment{tcp:25:True}-|,4,"[0, 0, 0, 0]"
0.0,[TCP:options-altchksumopt:]-tamper{TCP:options-timestamp:corrupt}-|,4,"[0, 0, 0, 0]"
0.0,"[TCP:options-altchksumopt:]-tamper{TCP:ack:replace:1657669217}(tamper{TCP:window:replace:120}(duplicate,),)-|",4,"[0, 0, 0, 0]"
0.0,"[TCP:options-altchksumopt:]-duplicate(,duplicate(duplicate,))-|",4,"[0, 0, 0, 0]"
0.0,[TCP:ack:2005227726:1]-|,4,"[0, 0, 0, 0]"
0.0,[TCP:options-altchksumopt:]-fragment{tcp:-1:False:5}-|,4,"[0, 0, 0, 0]"
0.0,[TCP:options-altchksumopt:]-tamper{TCP:options-altchksumopt:replace:}-|,4,"[0, 0, 0, 0]"
0.0,"[TCP:options-altchksumopt:]-duplicate(fragment{tcp:-1:True}(,drop),tamper{TCP:options-eol:replace:})-|",4,"[0, 0, 0, 0]"
0.0,[TCP:options-timestamp:3308810486]-|,4,"[0, 0, 0, 0]"
0.0,"[TCP:options-nop:]-tamper{TCP:options-wscale:corrupt}(duplicate,)-|",4,"[0, 0, 0, 0]"
-1000.0,[TCP:options-eol::0]-|,5,"[-1000, -1000, -1000, -1000, -1000]"
0.0,[TCP:options-altchksumopt:]-tamper{TCP:dataofs:corrupt}-|,5,"[0, 0, 0, 0, 0]"
0.0,"[TCP:options-altchksumopt::0]-duplicate(fragment{tcp:-1:True},)-|",5,"[0, 0, 0, 0, 0]"
0.0,[TCP:options-nop:]-tamper{TCP:options-wscale:corrupt}-|,5,"[0, 0, 0, 0, 0]"
0.0,[TCP:options-altchksumopt:]-tamper{TCP:options-sackok:corrupt}-|,5,"[0, 0, 0, 0, 0]"
0.0,"[TCP:options-altchksumopt:]-tamper{TCP:options-altchksum:replace:221}(duplicate,)-|",5,"[0, 0, 0, 0, 0]"
0.0,[TCP:options-altchksumopt:]-tamper{TCP:options-eol:replace:}-|,5,"[0, 0, 0, 0, 0]"
0.0,"[TCP:options-uto:94]-duplicate(,drop)-|",5,"[0, 0, 0, 0, 0]"
0.0,[TCP:ack:2005227726:1]-duplicate-|,5,"[0, 0, 0, 0, 0]"
0.0,[TCP:options-altchksumopt:]-tamper{TCP:options-altchksumopt:corrupt}-|,6,"[0, 0, 0, 0, 0, 0]"
0.0,[TCP:options-altchksumopt:]-tamper{TCP:reserved:corrupt}-|,6,"[0, 0, 0, 0, 0, 0]"
0.0,[TCP:options-altchksumopt:]-tamper{TCP:options-altchksum:replace:221}-|,6,"[0, 0, 0, 0, 0, 0]"
0.0,[TCP:options-altchksumopt:]-duplicate-|[TCP:options-eol:]-duplicate-|,6,"[0, 0, 0, 0, 0, 0]"
0.0,"[TCP:options-nop:]-tamper{TCP:ack:replace:253256885}(duplicate,)-|",6,"[0, 0, 0, 0, 0, 0]"
0.0,[TCP:options-nop:]-tamper{TCP:window:corrupt}-|,6,"[0, 0, 0, 0, 0, 0]"
-1000.0,[TCP:options-sackok:]-|,9,"[-1000, -1000, -1000, -1000, -1000, -1000, -1000, -1000, -1000]"
0.0,[TCP:options-eol::0]-duplicate-|,9,"[0, 0, 0, 0, 0, 0, 0, 0, 0]"
-1000.0,[TCP:options-nop:]-|,10,"[-1000, -1000, -1000, -1000, -1000, -1000, -1000, -1000, -1000, -1000]"
-1000.0,[TCP:options-eol:]-|,10,"[-1000, -1000, -1000, -1000, -1000, -1000, -1000, -1000, -1000, -1000]"
-1000.0,[TCP:options-sack:]-|,10,"[-1000, -1000, -1000, -1000, -1000, -1000, -1000, -1000, -1000, -1000]"
0.0,[TCP:options-sack:]-duplicate-|,10,"[0, 0, 0, 0, 0, 0, 0, 0, 0, 0]"
0.0,[TCP:options-altchksumopt:]-tamper{TCP:dport:corrupt}-|,10,"[0, 0, 0, 0, 0, 0, 0, 0, 0, 0]"
0.0,"[TCP:options-nop:]-duplicate(duplicate,)-|",11,"[0, 0, 0, 0, 0, 0, 0, 0, 0, 0, 0]"
0.0,"[TCP:options-nop:]-duplicate(,duplicate)-|",11,"[0, 0, 0, 0, 0, 0, 0, 0, 0, 0, 0]"
0.0,"[TCP:options-altchksumopt:]-duplicate(duplicate,)-|",11,"[0, 0, 0, 0, 0, 0, 0, 0, 0, 0, 0]"
0.0,[TCP:options-eol:]-duplicate-|,12,"[0, 0, 0, 0, 0, 0, 0, 0, 0, 0, 0, 0]"
0.0,"[TCP:options-altchksumopt:]-duplicate(,duplicate)-|",12,"[0, 0, 0, 0, 0, 0, 0, 0, 0, 0, 0, 0]"
-1000.0,[TCP:options-altchksumopt:]-|,13,"[-1000, -1000, -1000, -1000, -1000, -1000, -1000, -1000, -1000, -1000, -1000, -1000, -1000]"
0.0,[TCP:options-nop:]-duplicate-|,20,"[0, 0, 0, 0, 0, 0, 0, 0, 0, 0, 0, 0, 0, 0, 0, 0, 0, 0, 0, 0]"
0.0,[TCP:options-altchksumopt:]-duplicate-|,22,"[0, 0, 0, 0, 0, 0, 0, 0, 0, 0, 0, 0, 0, 0, 0, 0, 0, 0, 0, 0, 0, 0]"
0.0,,55,"[0, 0, 0, 0, 0, 0, 0, 0, 0, 0, 0, 0, 0, 0, 0, 0, 0, 0, 0, 0, 0, 0, 0, 0, 0, 0, 0, 0, 0, 0, 0, 0, 0, 0, 0, 0, 0, 0, 0, 0, 0, 0, 0, 0, 0, 0, 0, 0, 0, 0, 0, 0, 0, 0, 0]"
